-0.0969688216427 0.333536647722 0.995396973169 0.23276200033 0.394120738597 0.512511121238 -1.24544314687 0.50959552155 2.22083603232 0.458539331846 
-0.124832517815 0.477067415555 0.637955427034 0.861664153489 -0.0183623717457 0.846553410211 -0.945400071552 0.0269274937385 0.638360559979 0.189445235991 
0.70673838964 0.120914857113 0.372302411224 -0.0417145213042 0.666715883877 0.339648736032 -1.24705066345 -0.479314968521 1.08207163079 0.83322121309 
0.175081161144 -0.732953259653 0.731124500816 0.707590089792 0.755262122206 1.24337829719 -2.12256708125 -0.156115726567 1.10214847586 0.600610799415 
1.00315943559 0.0521593312895 0.505508358425 1.532051067 -0.00100932443375 0.976140994405 -0.37561235251 0.218069254496 1.44819921247 0.476987512009 
0.263083665783 0.47535445617 1.14579165697 1.36417537486 0.832949032428 0.595089518127 -1.14682209831 0.59302344437 0.458197775639 0.375059844282 
0.199187030147 1.11040744045 0.209884019795 0.669638215853 -0.832494661405 1.1264865296 -1.59018600129 0.239410421843 1.03885849345 0.036908413561 
0.924463901682 0.305263998365 0.8750234878 2.60126143612 0.743588108498 0.863920380358 -0.798225341827 0.317804108229 0.365996082125 -0.193162091393 
0.524273697614 1.26698055777 0.400531274317 1.00808929004 0.00896142253474 0.702148463557 -0.515718023725 -0.805666399136 1.4033287472 0.384342592761 
0.212213282461 0.75477606322 0.475760863883 2.23326557428 0.603466263018 1.18438721604 -1.74541494825 -0.10049463538 1.16261367601 -0.715399526966 
0.329263480072 0.132347414613 0.94700231553 0.173393295563 0.294570672231 0.506001722679 -1.62167349677 0.0852737588477 0.724509750547 0.199188194159 
-0.922732323371 -0.00851190029128 0.479213919089 1.65555210033 0.987361211266 0.7843999033 -0.942919783751 0.139117821986 1.49065521156 0.302053686141 
0.907988210648 0.100933876769 1.22560341247 1.5974248832 -0.40361215472 0.976618372439 -0.759461750429 0.0706561992852 1.3397696273 0.343299206949 
0.482651890618 0.392199515624 -0.151063965983 1.19768637235 0.623056198337 0.873509528501 -1.26998279584 0.831602117142 0.8093277912 0.465790172263 
-0.383792472108 0.539351693775 -0.104301038918 0.0132879690066 0.444547976047 0.267645299148 -1.65979502779 0.241481627777 0.913570952046 0.030780589897 
0.11802477778 -0.46473170725 0.343145536408 1.46471336598 1.30945145098 0.826355623009 -1.49430885158 -0.0662954865297 0.617741051953 -0.19680912442 
0.547652013957 0.75979741255 0.0379363535506 0.927565867447 0.888163933557 1.20757642435 -1.30271442097 0.130937704111 1.06323579726 0.444870656869 
0.461546873768 0.509324605837 0.626423171092 1.15420664605 0.597716603614 0.372885539889 -1.01884717794 -0.280909397554 0.553556642968 0.49291816217 
0.156778293162 0.140100001311 0.323449633709 0.903018655235 0.905545881902 0.645318130471 -0.994527627918 0.0386193568291 -0.324937701095 0.472537143359 
0.944559911707 -0.376241056245 -0.0284319718689 0.821283707448 0.639076078982 1.24356855055 -1.8067820576 0.370205457934 1.32289370548 -0.14106627541 
1.56303024812 0.264039721993 1.02656128236 0.992182648627 0.688483664397 1.26342458121 -0.409459291895 -0.487041599146 1.27479159875 -0.20255523055 
0.255436293176 0.141020294846 0.413704380328 0.798200423963 0.188717676838 0.781077303065 -1.18981509364 -0.130866466641 0.834043411808 0.776352300653 
0.27214278887 -0.042821975 0.640669730866 0.595993846091 0.442360827985 0.449097564874 -0.066850729406 0.271378508194 0.801069219802 0.9360016093 
0.301568992912 0.196614931996 1.16389614745 1.12201598018 0.117435885673 0.99343391925 -0.598125209133 -0.533172403775 1.3797058339 0.27632754117 
0.446555598064 0.341219783716 1.36709112535 1.33554249615 0.426553192953 0.636932205378 -1.17524242848 0.179285950173 1.49788717017 1.45074527996 
0.257425626987 1.33065204943 0.759495047317 0.148466981788 1.04659265872 0.743757541277 -0.524028160406 -0.150078066288 2.25082031152 0.351297154533 
-0.317454255954 0.697913652173 0.898622049405 1.03093454868 0.454992889287 0.764058502457 0.0826472748921 0.153551798355 0.631646343185 -0.23344746736 
-0.0662948914227 -0.679882427437 0.801836955917 0.856865402244 0.114248850506 0.952820356214 -0.96716370542 -0.0381215583683 0.788680136129 -0.52510303661 
-0.488843612432 -0.27451049863 1.03636100156 1.14374345746 0.412086815506 0.377664421241 -1.12160145754 0.394231561307 1.34616628373 -0.385892568581 
0.57279538146 -0.0841890024498 0.556488217621 0.708812905217 0.15190220813 0.648995901475 -1.06019339169 0.364545640747 1.41858130543 -0.0661159457202 
1.21801242203 0.749634208835 0.740779821537 0.456423668496 -0.678257515182 0.77334335596 -1.16108427863 -0.0939529468216 1.07757268227 0.616209657478 
0.136546421557 -0.368735885393 1.15532728634 0.793998735991 0.754090473555 1.29374653397 -0.231627973413 -0.0829731649283 0.740404809273 -0.30449191098 
-0.722624308368 0.708621243062 1.44609581536 0.976376486176 0.450421480338 0.932913264418 -1.21578377516 -0.478229388179 0.889157855566 0.254355253289 
0.398655167138 0.143656028129 0.412722336612 1.35362475374 -0.267254609794 1.34241213184 -0.509635404776 0.558312849107 0.49027186364 -0.297817323485 
0.0402614897553 0.552473034431 0.878192893878 0.655337200903 -0.131217681197 1.83450588567 -0.652920231476 0.145463280187 0.843252817268 0.0456002559455 
0.910957559647 0.231787423675 0.756346675281 1.31146169441 0.396230337512 0.247326066967 -0.761149098842 -0.403069360241 -0.0645938707645 -0.0398844580098 
-0.0194283167947 0.0704408168163 1.27658823765 1.36787325295 0.257838706541 0.217036563456 -1.36039323289 -0.891891334229 1.4855235773 0.326906829182 
0.915583571814 0.573131695092 0.860269736528 0.127968185139 0.683686501213 0.375129514146 -0.13242246128 0.814360613676 0.55079932966 0.00265702149703 
0.377199640596 0.964564605585 0.69324026224 0.912359181426 1.15908297369 -0.108518369681 0.06357604885 -0.141979721538 1.47491917306 1.23339080666 
0.714905719184 0.139581694721 0.740009938399 1.30732592188 0.323972792613 1.56590073115 -0.758086694707 -0.701357153539 1.20396903936 0.60359025676 
-0.076270260718 0.905285750795 0.439661230395 0.554255970237 1.24928630796 0.625620345988 -0.938620013554 -0.15130188888 0.740687786688 0.494446367401 
0.569447309224 0.296173483116 0.353334215104 0.637530236688 0.211303257238 0.407738868894 -0.875751884191 -0.0199344730592 0.782291771394 0.555497807609 
-0.180269615646 -0.0115899499615 0.245218477619 0.726278338503 0.665139559889 1.09409918181 -1.25476369357 0.176253507662 0.102420050008 -0.129767316287 
0.567743098653 0.825300734299 0.615190435068 1.33761323618 0.932354435265 1.11695326031 -1.11613822552 0.304339251634 0.767225064774 -0.224481321882 
-0.0493740008541 0.398534965422 1.35302606534 1.28301725153 0.489213731919 1.0351679709 -0.47216170018 0.244578066052 0.364736504073 0.467916955682 
0.549835684065 0.842319520973 0.85886228368 1.4472241923 0.782379694355 0.359930271477 -1.6462018449 0.140954168093 0.736018777731 -0.0625660499472 
0.782337896958 -0.384836545601 0.227977242186 0.483393482989 1.19261416874 0.415132970653 -1.29625583185 -0.678197778661 1.26014972647 -0.843256817104 
0.500262445003 0.350526764065 0.852472326589 0.678042436657 0.277226069058 1.02276256744 -0.427814009185 -0.243009075114 0.962629861764 0.540756437781 
0.595525732233 0.624713478051 0.3440730533 1.20523413933 0.976755765475 0.926010578437 -0.271668665071 -0.204103751113 1.55258383535 -0.140163466202 
0.860502590517 1.44560616424 0.699227689277 1.13121398085 0.807221399341 0.649536388977 -0.900251481175 -0.655456671732 0.754794471464 1.00419824487 
-0.0822186262175 -0.015170404873 1.25443633965 1.11632050271 1.05303883097 0.954413671225 -1.04275068674 -0.68662834096 0.774123518262 -0.0613287518424 
0.194187815873 0.863850097073 0.237900269562 0.92575916556 0.0580048830116 0.354581799451 0.296424892937 -0.526824976947 1.34083759602 0.0480463972967 
-0.490154501966 0.67336851515 -0.0632343833178 0.684868571091 0.454213492305 1.58873426373 -1.55799641522 -0.165191866153 1.44413041671 -0.202545608872 
0.490509453683 0.616146417315 0.565008084104 0.473023144377 0.746729772392 0.909279982375 -0.932300822123 0.654906761232 0.840347673465 0.535234384419 
-0.210488261139 0.189134612648 0.0191615741067 0.705447495972 0.730665757691 0.799792669 -0.83239139046 0.492391410405 1.43812417227 1.03903724987 
0.701613719893 -0.284029610206 0.423727366928 1.03839559267 0.267185398026 1.50955818599 -0.917296914847 -0.435335248861 0.8170680844 0.00544627344373 
0.869599237445 0.754623841574 -0.0891289257077 1.28582766448 0.341242098555 1.47547544754 -1.32301863474 -0.308475187954 0.540460068749 1.15189603236 
0.718140469822 -0.104114747581 0.657037511208 0.27793178184 0.610856868625 0.0784359207237 -0.967032449671 -0.0188453930796 0.0723799758448 1.08325276451 
0.761182883198 0.471262984105 0.958650215742 0.722645139694 0.771104726884 0.482068041689 -1.18451709051 -0.0437276105736 0.220934969018 -0.44527627783 
-0.744713772383 0.124712289861 0.124138429541 -0.0982051750955 0.845548867845 0.691003782896 -0.502024386481 0.294959646499 0.36223836957 0.757009970197 
0.716907694265 1.33458546813 0.389280322602 0.950461096596 1.13598793439 0.961123684283 -0.481459425248 -0.0556654464004 0.859969908636 0.353451003651 
0.278810263797 0.15621088128 0.0953258549135 1.22300002117 0.826493993274 0.905749702342 -0.712834070097 -0.526384337381 1.34482637298 0.43733006948 
0.0643058460186 -0.00775501806614 0.265778181063 0.87173247813 0.711335688204 0.160453306677 -1.03274854928 -0.0878891035538 1.33741251985 0.180404574986 
-0.158589671596 0.899890276542 0.0614157129498 0.367574646118 1.44776604101 0.740046109141 -0.793947177921 0.504365238287 0.922858230405 0.754266730623 
-0.0968358497551 0.605829167138 1.2056667574 1.28529093612 1.04138994059 0.435398253176 -1.16195926987 -0.289189799232 0.50446828951 0.135361487571 
0.584002700951 0.454930167958 0.405685061498 0.530258253509 -0.0534678481685 0.735106198274 -1.09487560581 -0.90793817523 0.787914292372 -0.110565217719 
0.371418941942 0.0779849384589 0.748810039759 0.147504241652 0.652757257626 0.764739220218 -1.07718735822 0.590390364421 1.3329842705 0.61631648984 
-0.818236846424 0.601114364384 1.04835610183 0.726513802359 0.907725850032 0.996729930655 -1.38815519275 -0.315015578 0.940079248857 0.717948044937 
0.958547005835 0.967457218486 1.39036107385 1.15997777405 0.888321703228 1.21587112207 -1.8607458309 0.994212655748 0.66785427315 0.358430816809 
-0.164015199246 -0.35722924195 0.714857939616 0.408732170494 0.606244381837 1.28597189706 -0.725572079182 -0.259114643914 0.360286430305 0.681654965318 
0.452882054389 -0.0926156999734 0.306247490113 0.909845528665 1.05778853374 0.925622435357 -0.931798448251 -1.27925482469 1.0208056724 0.515180209432 
0.172906320831 1.26087641261 1.00556683388 0.95204122209 -0.11211663163 -0.16870115617 -1.04556175509 -0.349565889273 0.299819048588 -0.0125137572717 
-0.645038902343 0.66046603392 0.391651097185 0.932643144112 1.38685889741 0.984536034791 -0.464159112361 0.423840117127 1.14361470327 0.524720974262 
-0.434520428321 0.492525656386 0.379468529272 1.10627666524 -0.0960632200177 1.22443171131 -0.160380101235 -0.104254921677 0.798707371563 -0.214100234566 
0.329574424708 0.385480704087 0.452688250593 0.893108598618 0.96234274585 1.53016717269 -1.4362177291 -0.198713874931 0.761349134396 0.125371259006 
0.102244772322 0.666286894278 0.793398503064 0.965119470336 0.275228929823 1.66535262529 -0.749013631122 0.155099129418 0.239987620683 0.460904384341 
0.8992473132 0.162078824829 0.256259044116 1.85530473485 0.882937871165 0.443715966743 -0.309616380599 0.405334989433 2.11887586621 0.63896669603 
0.191474927532 0.343460460925 1.09689719008 0.975534363059 0.79957895071 1.04957965121 -0.851657327397 0.194327023975 0.488932997079 -0.644056102684 
0.363712037724 0.15412598664 0.224922202057 0.249863671927 0.385287313454 0.998651310517 -0.658295029112 -0.252778981131 0.334043490623 0.84738310744 
0.233722286638 -0.245762675084 0.661938619359 1.4365379206 0.189971995325 0.491381964099 -1.0846096313 -0.221951507114 1.91720073244 -0.533719179471 
0.214669509161 0.734984271486 1.11706870358 0.613552457355 0.111263456504 1.36615730474 -0.648860587772 -0.00671467654763 0.669999682773 0.316721924438 
0.614818125157 0.649826531655 0.898830961612 1.14801562158 0.277597312095 1.26000858772 -0.800195938804 -0.62486861376 1.06516729254 -0.553223631936 
-0.0244152803029 0.0350792512213 0.699484389155 0.651132961645 0.352255463666 1.35552818819 -1.43388604082 -0.0635218837671 0.929575508778 0.230071176213 
0.618959255521 0.607704842288 1.16990712011 1.02277181162 1.69008362308 0.102291939155 -0.795121350411 0.488076082565 1.24178771331 0.529525337695 
0.13883781521 -0.461857519394 0.167344148788 1.55228056302 0.346492252721 0.833200897814 -0.256060530991 0.0905651925755 1.20412907328 0.232712981497 
0.270001798747 0.00163778062882 0.633894871629 0.846498174554 0.450184046276 0.840133412098 -1.23754632205 -0.63466075975 0.980097522026 0.266269453047 
0.101202193585 1.11589168166 0.396753923461 -0.00930797938253 -0.0962951992557 0.135387467473 -1.15401420495 0.41788938052 1.39214878605 0.275386552699 
0.131966040515 0.402671604308 0.171754223808 0.525154393635 0.021152178372 0.431080361744 -1.64089353708 -0.557858277996 1.03801103857 0.589415735134 
0.879228774084 1.05045805177 0.533507986068 1.50063802653 0.586670788637 1.01712972814 -0.910889335728 0.280204927256 1.00474476254 0.0103817154022 
0.173735522553 1.36510404501 0.404535230271 0.777196199458 1.15727955121 0.671563402949 -0.810486863447 -0.15241996765 0.956677779894 1.33887619138 
0.00655329187898 0.113263387135 0.765105523392 -0.126228470683 0.599130450822 0.340875894084 -0.737006152709 -0.148702541183 0.898479228067 0.0442216439695 
0.632905870911 0.273884970973 0.936495088996 1.11071508667 0.295367848797 1.33141988398 -0.929381519964 0.391012160475 0.78442100685 0.488618510076 
0.291387698643 0.912639262083 0.648426161446 1.14714297651 0.593089034045 0.757150225406 -0.727502429801 0.149721236958 0.819990459321 0.123943038658 
0.0460146220775 0.980488514083 0.678438443546 0.189200302417 0.478893232126 0.634540666678 -0.693815065301 -0.155651651688 2.07750095837 1.20428112795 
-0.559358860809 0.61054004007 0.88355753702 1.00601112566 0.122312076159 0.0136498945982 -0.0424476624598 0.332640719015 1.50986675625 0.498688297104 
0.285055829456 -0.0760913981792 0.278065884412 0.669432945097 0.887934480425 1.01465469291 -0.38965495724 -0.113239918138 1.72784934724 0.949798564216 
-0.763009278455 0.214196818442 0.357521848098 0.661504838054 0.925384925756 1.13925211164 -1.31347666792 -0.119379742902 0.852613740881 -0.465300190376 
0.137884463792 0.246429233225 0.6768759103 0.529248846849 0.814955480742 0.804815462705 -1.00813381283 -0.0348730348792 0.194718644889 0.325648331666 
0.36641714874 1.15240187715 0.896624503252 1.7906982824 0.731840996984 0.228892251431 -1.46355783288 -0.959109966223 0.28164398178 0.279413969011 
0.366213729515 0.942131041668 0.971153294131 0.944455457752 0.383182081012 0.535966570229 -0.76056976191 0.340968676603 1.74833700436 0.383241176477 
-0.631511995062 -0.132551627704 -0.532742995914 -0.0566476293402 0.0109797817795 -1.15802130066 -0.50578028394 -0.409333218729 0.97581772909 0.489102787463 
-0.787630398266 -0.21018685615 -0.289543826641 0.0684632646663 0.265125082206 -0.747833898265 -0.329450575304 -0.398478047207 0.973261762041 0.530766793712 
-0.889612391035 0.0171308158382 -0.321141575909 0.107687645761 0.200269217365 -1.07798488365 -0.639061622306 -0.464377698913 0.747709720259 0.360701140054 
-0.676088756055 -0.305137142515 -0.660637762892 0.0408419651433 0.0263759624231 -0.959853074482 -0.685907972594 -0.387344832434 0.883798360519 0.506000431024 
-0.663166023637 0.00479957055925 -0.508147243813 0.102682819716 -0.163752709619 -0.880087444323 -0.471768369499 -0.234858814789 0.730770214556 0.733306164955 
-0.750820507145 0.136811383871 -0.400044379602 0.171178471058 0.255030039116 -0.896209111367 -0.777655521297 -0.484090596998 0.920419068752 0.672653939249 
-0.662948407914 0.162923292673 -0.42019239896 0.0696377517166 0.14645461035 -0.981218818571 -0.633549740447 -0.519371470908 0.791507978919 0.289464670975 
-0.894101784243 -0.226611738649 -0.575623440198 -0.0906293469749 0.0822697310473 -0.82147182323 -0.524360554 -0.462840752829 0.934861369093 0.640490524018 
-0.667621340658 -0.131010517305 -0.655392744308 0.0611079110335 0.0134978660602 -1.16767217863 -0.649124701105 -0.654926301725 0.918652601095 0.459889999886 
-0.746098166118 -0.0494959876409 -0.615515756712 -0.00438969867338 0.00171032410747 -0.854114350268 -0.4596485979 -0.694118400625 0.759694738311 0.603158055633 
-0.770315853943 -0.012464383773 -0.554582406348 0.241732724061 0.0955882681135 -1.29129492228 -0.62128483854 -0.403504513075 0.701134111987 0.397567864004 
-0.700159915769 -0.149389289278 -0.628237291543 0.329600729091 0.2281652268 -0.97688589582 -0.430284448633 -0.291299904161 0.933101882939 0.518757308793 
-0.859027221396 -0.0488825447873 -0.601722041392 0.138941260464 -0.0111712950446 -0.780274950039 -0.555167962904 -0.276254883723 0.699442800582 0.494059515073 
-0.684440535056 0.0709037534435 -0.456562091645 0.119384948499 0.242482238038 -1.15611202621 -0.547597585245 -0.284257931691 0.718651204239 0.613022791541 
-0.692624854842 -0.0831310076476 -0.381090629211 0.135609306875 0.362243659556 -0.981411655877 -0.402165448983 -0.548531896052 0.847796262863 0.596881440634 
-0.804309337679 0.147011852963 -0.239121455615 0.182067943338 0.0484423327747 -0.895850852014 -0.422458336418 -0.586676225349 1.01594302177 0.568848173679 
-0.766758442336 0.074277801738 -0.400002531905 -0.0343909698701 0.118582798036 -0.856312662122 -0.527859020325 -0.457892022399 0.629476691031 0.599819438263 
-0.567148273506 0.260576775346 -0.555071195284 0.136835857176 0.0891663120839 -0.79964341422 -0.707673392431 -0.575189914885 0.809762540482 0.512756778041 
-0.703248308525 -0.0979545595608 -0.498202146369 -0.0577490945958 0.1230974805 -1.01713524866 -0.5537527864 -0.393213037431 0.745562168267 0.394600535537 
-0.737391647257 0.00388893132076 -0.757889237766 0.205653127241 0.25467907237 -1.08902174577 -0.55504752535 -0.297809271722 0.751436549245 0.619748002589 
-0.689128553001 -0.279563783145 -0.597014981933 0.160544728159 0.0936574622118 -1.0261576829 -0.533052624533 -0.393639915107 0.883216879886 0.364103198515 
-0.719639435233 0.186747011848 -0.409181664862 0.0193643441287 0.0285413290597 -0.897183484751 -0.407219468879 -0.447408305543 0.699519674131 0.637029703832 
-0.933000734234 -0.0925292192532 -0.498600629834 0.153632936389 -0.199071454276 -0.844985630893 -0.491772895106 -0.45069493924 0.70296504745 0.495033854855 
-0.771290456748 0.0778625366077 -0.602619047231 0.218532493248 0.368955226971 -0.987639016064 -0.595417021806 -0.242434726117 0.917674370406 0.676381553846 
-0.983500710283 -0.161373991537 -0.501222694583 0.0966610659553 0.276727886298 -0.88101968373 -0.530972249459 -0.580855332795 0.715203153885 0.59351078287 
-0.905656908773 -0.10435479329 -0.539010466733 0.151036005367 0.154828731252 -0.894343978395 -0.643414845891 -0.342014534755 0.884833800755 0.689878590526 
-0.659616271703 -0.0121047824434 -0.413153110626 -0.10769711226 -0.120569058423 -1.02782946343 -0.431766675963 -0.40852293596 0.675464621189 0.414632083997 
-0.778645730652 0.0261055718661 -0.458940119116 0.262185146599 -0.0303248865591 -1.01493566012 -0.447528556935 -0.402924044356 0.818488518961 0.447903992523 
-0.761783415844 -0.135050264914 -0.495975069097 0.00793674775774 0.141449839 -0.818987562558 -0.68724996953 -0.524610161657 0.858883110776 0.68423964415 
-0.885410032076 -0.244455327315 -0.553186621753 0.121739396768 0.0713953147966 -0.968786434523 -0.676325649201 -0.448936268964 0.780474050225 0.712479912074 
-0.850688343165 -0.222291239344 -0.300353203192 0.167044723969 0.0797118359185 -0.951313811462 -0.666657339538 -0.414245956446 0.681944175249 0.500375962066 
-0.725383147854 -0.274390258629 -0.649651690661 -0.0888116990225 0.148163971728 -0.902476307019 -0.581479613304 -0.432562593229 1.08193226993 0.619960189528 
-0.89129657181 -0.203192109999 -0.538293983288 0.0769443480407 0.32880514714 -0.967412449976 -0.57960278442 -0.616766665544 0.858855381528 0.538143423682 
-0.862379907592 -0.1694489199 -0.408621080572 0.181939207012 0.11851269614 -1.13670981491 -0.711024667835 -0.535412292903 0.748898998576 0.294306525721 
-0.729266834313 0.110824845071 -0.42733541841 0.184658652895 0.0906249254585 -1.14084192601 -0.665255988795 -0.368958257635 0.735530571779 0.636822582562 
-0.894608628254 -0.142766433555 -0.546806001087 0.109298038789 -0.00664426235481 -1.01355071645 -0.533048015829 -0.475357833209 0.667492335677 0.378993655578 
-0.742093833171 -0.0807064786981 -0.621896206732 0.0915999947175 0.220324116658 -0.909754210792 -0.798129186093 -0.356931917629 0.755237099184 0.666482152753 
-0.769661456367 -0.0972934744715 -0.589591319982 0.0011884108239 0.0818433465049 -1.12160676267 -0.581643516872 -0.305696840745 0.611730274313 0.278827903083 
-0.862160239433 -0.18461915668 -0.381192111161 0.0129271205582 0.183083091707 -1.18393817546 -0.570338801017 -0.395493683726 0.953540841043 0.594906750444 
-0.78183185408 0.0298396992557 -0.459673136954 0.135895744136 0.13198570102 -0.987298598993 -0.651989658098 -0.236279447723 0.794513788746 0.615490516718 
-0.705899206353 -0.115160197907 -0.322502033811 0.138818480525 0.247857108606 -0.643329037332 -0.579097374899 -0.549629617031 0.757908106785 0.526071478278 
-0.60611036509 -0.0386778210267 -0.555591107915 0.249659228563 0.0995042662533 -0.854496570855 -0.494632880528 -0.517329035564 1.020307521 0.590022799806 
-0.810478786974 -0.200129472535 -0.466292170247 0.129321812586 0.11018398334 -0.925605883831 -0.506278532818 -0.389040913615 0.7747487061 0.333772691086 
-0.916365266741 0.0700896407202 -0.359014763907 -0.038126369535 0.0996843944362 -0.769911040463 -0.543987649503 -0.634892816071 0.818700182036 0.485505561938 
-0.827023189215 -0.166524820877 -0.409543448375 -0.147157237183 0.060595363426 -0.830274138233 -0.594035787799 -0.586913790851 0.532926082128 0.545574856763 
-0.80272426062 0.114293495014 -0.59489273466 0.177517415579 -0.0483091097759 -0.873700109735 -0.664315368449 -0.43715970875 0.795951387222 0.583545959822 
-0.782128147761 -0.144911707294 -0.600083457413 0.0971144582275 0.147200397146 -1.07316681743 -0.581761808853 -0.507215602583 0.714065535356 0.648067617027 
-0.868403966934 0.0441779333074 -0.805474349051 -0.0178674859915 0.223928910779 -0.852709810907 -0.577290367876 -0.576151224257 0.735271563257 0.700016495277 
-0.906354124696 -0.101107548776 -0.558359615346 -0.182991525283 0.275765907488 -1.04919619189 -0.595954264889 -0.305673336939 0.646727897217 0.38802690987 
-0.888373053301 -0.179175228653 -0.634032724021 0.00845166136095 -0.0853825223515 -1.13341598917 -0.694233976685 -0.5111434707 0.920181534686 0.322532478434 
-0.751740147173 -0.109115138467 -0.447779923482 -0.140105120384 0.376309604056 -0.869031112859 -0.638047180036 -0.514030589735 0.773180043905 0.481087760119 
-0.752261392534 -0.0737048266731 -0.643682330199 -0.0263261970958 0.0911552113293 -0.713788018904 -0.377855833189 -0.536884730516 0.655674239108 0.670412678101 
-0.499474663737 -0.0226764484553 -0.423793811843 0.0290696799965 0.114458934388 -0.917176691097 -0.569227027916 -0.644704208628 0.719874709 0.542459466831 
-0.657108779672 -0.0835857311516 -0.358259907626 0.140039313042 0.0894789205473 -0.986227878061 -0.595377510324 -0.418026997916 0.656683297048 0.558634364898 
-0.801633677686 -0.052917744426 -0.513101208313 -0.0383688604039 0.0538067097976 -0.994655370563 -0.547345580146 -0.599731797533 1.06742268275 0.505026026027 
-0.892555812759 -0.26084424374 -0.560752334287 -0.0879391430907 0.0243641438914 -0.993969544131 -0.577866957126 -0.464934594041 0.785226188058 0.44042299419 
-0.957660899408 -0.0895660430568 -0.687078382029 -0.0996682874836 0.144607918562 -1.10921676224 -0.567338790499 -0.570746096965 0.706380833487 0.486883336499 
-0.831932457471 -0.0189940578141 -0.644323963734 0.134533317355 0.0421933384436 -0.983314081991 -0.551217793474 -0.507633755567 0.828357307336 0.443846725651 
-0.552378666088 -0.0529816304714 -0.414045658297 0.226362984391 0.150629652029 -1.40424857606 -0.69921018617 -0.52999438514 0.86806474467 0.673730958708 
-0.937787451856 -0.0129381811934 -0.487307348684 0.0931407851543 0.37066604228 -0.849881694429 -0.573857019152 -0.540375359292 0.838119792268 0.59743939236 
-0.696168813124 -0.00473604513127 -0.497394127964 0.247881003336 0.109061745104 -1.10754012752 -0.570219331639 -0.520005061951 0.945183100053 0.383759631432 
-0.745710317633 -0.200163778499 -0.266668464065 0.246694829853 0.157780268465 -1.03890983551 -0.453853464609 -0.402725778381 0.801839133078 0.4952516939 
-0.617502537926 0.14581355987 -0.357913265586 0.125613095468 0.0360164809981 -0.998888488125 -0.817760877807 -0.334137253137 0.756602218731 0.330628350121 
-0.648159227314 -0.200766255995 -0.57040392095 0.12796529636 0.218746236711 -1.08401856672 -0.659630670676 -0.423410155281 0.936989754103 0.477672369117 
-0.54986671178 -0.195397749833 -0.494044678939 0.0690249395064 0.0463963066354 -0.896091599035 -0.657671952477 -0.294872794852 0.788072842404 0.387832483894 
-0.676178086917 -0.0219490742268 -0.596880898138 0.0509212159921 0.0306503048198 -0.850892029919 -0.611190779392 -0.576267171806 0.940484409125 0.471264101759 
-0.774716123552 0.091527935962 -0.343251412628 -0.104941478531 0.128220682373 -1.13599478404 -0.381582673215 -0.503836629917 0.848771873212 0.697013332958 
-0.782681034726 -0.199223966105 -0.607197749572 0.203262868541 0.162978744824 -0.97732739454 -0.466087556108 -0.385616996388 0.75672365727 0.323569810406 
-0.834705454698 -0.314485624006 -0.484986390688 0.123793105284 0.298939645722 -0.908400255046 -0.423162520534 -0.278922092178 0.686408336721 0.510518091306 
-0.759900839257 0.246522847752 -0.605029485067 0.152882100977 0.184703240232 -1.14174788978 -0.745132650441 -0.595756083967 0.873933762031 0.449287445914 
-0.722673681084 -0.0924991435804 -0.391785143803 -0.0639323600203 0.000935232125074 -1.06601370368 -0.507424073714 -0.51585398179 0.700540715063 0.555312410261 
-0.823589236206 -0.0543663925909 -0.2650463673 -0.0288167981842 0.158013150611 -0.914658084391 -0.61422352721 -0.497122334987 0.774666419163 0.448597383947 
-0.62444169023 0.00953510739447 -0.597011206202 0.126964275976 0.104237494007 -0.890206984793 -0.820585258458 -0.361160893799 0.854756357436 0.357629388978 
-0.74229119517 -0.0801085893382 -0.460724630043 -0.0809261697274 0.543606196356 -0.888191371157 -0.634781438699 -0.747660032746 0.903341738888 0.596486375886 
-0.699721074844 -0.203840794192 -0.465464379478 0.159774618794 0.144127735709 -0.79141583946 -0.556835802728 -0.392467519472 0.914644371365 0.539147473081 
-0.773722838491 0.135412378838 -0.412291878828 0.0661529276996 0.0382262642553 -1.02211653246 -0.583495491435 -0.175654179169 0.824512854039 0.337606489456 
-0.540842052613 -0.0225989012967 -0.484918893792 0.184971820954 0.0573964576462 -1.04297790216 -0.524299747783 -0.408057264225 0.739416410345 0.629173385441 
-0.730832485483 -0.235447850071 -0.66315672229 -0.11221548892 0.218612848429 -0.990291997914 -0.60037380871 -0.35990870275 0.844898234061 0.542075067679 
-0.469360416625 -0.0554016299542 -0.469361017157 0.0251673626243 0.286546220213 -0.846986345207 -0.521210101443 -0.460167559217 0.894965217675 0.589514128002 
-0.791035944678 0.104348578272 -0.527419779802 0.0681499236406 0.176985939624 -0.934927828703 -0.656725037991 -0.411288885679 0.915054150573 0.644147206204 
-1.00226481234 -0.020224176086 -0.436987777875 0.390112702214 -0.0343013977883 -0.923815905474 -0.88284673203 -0.366160361593 0.780290383213 0.601881566363 
-0.575335350782 -0.122205402376 -0.344522458956 0.146839545851 0.10405843935 -0.773770449193 -0.538790846933 -0.497046629728 0.874304536094 0.525432329338 
-0.838226606749 -0.0135175600259 -0.608376732276 0.114432459606 0.0998251504339 -1.05989006377 -0.453888785951 -0.60545026367 0.86079745772 0.503451541193 
-0.668611802273 0.0990316535502 -0.407355456843 0.0950605315755 0.287886382565 -1.00229079727 -0.687187788317 -0.35493131484 0.778693404153 0.451749665041 
-0.843463816558 0.0499172163924 -0.622846810982 -0.00284964880022 0.00185219099017 -1.14965893944 -0.508627072598 -0.629748813759 0.773747779436 0.362376107742 
-1.02836312658 -0.106685670133 -0.521101386922 0.177778303485 0.226715036287 -0.908536748418 -0.548020867965 -0.381596240995 0.792782317706 0.254031857824 
-0.807941640133 -0.117976980598 -0.545240383574 0.155872627493 0.0832261324034 -1.05023285503 -0.826557741882 -0.534576837536 0.709569602404 0.440729870807 
-0.80556919181 -0.120703387796 -0.607227158684 0.37352145409 0.254977193138 -0.955435847792 -0.405135335258 -0.485855074823 0.996766355308 0.424011647055 
-0.778433211311 -0.106698898785 -0.539830059369 0.11221044882 0.153560204677 -1.0251244196 -0.807424146873 -0.34494593563 0.907430598816 0.523458843964 
-0.646738860547 -0.00938227411424 -0.64805968668 0.0198462245551 0.295554855011 -0.823205653636 -0.314067882368 -0.368724181481 0.736964344678 0.59100439247 
-0.597685061106 0.0448147902285 -0.530369384125 0.147730442332 0.137290872791 -1.07284399055 -0.436373360448 -0.530094659849 0.74855989485 0.44174226996 
-1.00213140816 -0.308006600606 -0.41754189426 0.11929271211 0.287536720555 -1.11537671869 -0.578026075619 -0.473057818568 0.938052007731 0.718481717961 
-0.938692814395 0.0345712662964 -0.637254768135 0.241968247581 0.221216982392 -1.09258730338 -0.447135372196 -0.50575417247 0.882923267925 0.599332764875 
-0.862393189725 0.0474381025637 -0.361828780765 0.0752863642809 0.138968924016 -0.885536984375 -0.561846533711 -0.337462560439 1.02082433687 0.346139401837 
-0.676184525525 -0.160157528787 -0.242946154173 0.00774120645804 0.262835179169 -0.851152364312 -0.613844010341 -0.495979309229 0.768555170861 0.588976765812 
-0.967444042811 -0.0181833124664 -0.692261442501 0.00769049578541 0.096137064157 -1.04519771285 -0.421160392733 -0.208016801372 1.05065808401 0.545955535198 
-0.749516993676 -0.0940519016399 -0.361976287941 -0.207230227331 0.130492339136 -0.759979508316 -0.420104350295 -0.562876485346 0.803695263275 0.358298795527 
-0.83009112394 -0.0598130343879 -0.65725863775 0.0702866705673 -0.0205491078256 -1.03532573547 -0.658852732476 -0.417264805338 0.685999901348 0.612978225401 
-0.933462355112 -0.102225510411 -0.430903344238 -0.156534319947 0.331840340518 -1.13457396794 -0.492225733829 -0.428525148604 0.765526055457 0.618870114529 
-0.7519663293 -0.118117424391 -0.221123090863 -0.0140686507454 0.164166877947 -0.932611556086 -0.644435162874 -0.701338697915 0.966539218644 0.452349947954 
0.736657918324 -0.654063389952 0.123417667423 -0.855203449718 -1.17499158121 0.523290329336 -0.755771643951 -0.78567288541 1.08760579855 1.02028901755 
0.780015425542 -0.818806511152 0.372891146363 -0.802412596707 -0.658109936541 0.853090711862 -0.48336331766 -0.429432974936 1.17193635688 0.527829190054 
0.309438902134 -0.961399051065 0.615270407381 -0.813665583002 -1.16167762654 0.953500384507 -0.68083473665 -0.730408415492 0.843670688675 0.916001760724 
0.38819244299 -0.804798865648 0.233195805826 -1.07749327948 -0.844760297422 0.775368612549 -0.332167744582 -0.617572990154 0.672694396662 0.756363244551 
0.852228464785 -0.850210306464 0.343704857227 -0.306464440729 -1.01275617221 0.886868442941 -0.572704735452 -0.524371065341 0.566948332952 0.949879112701 
0.429150482127 -0.510964963359 0.380052960092 -0.615657602849 -1.15737293119 0.628222551734 -0.685181068983 -0.198240485602 1.03865217522 0.892717353236 
0.473593133293 -0.808620843042 0.102355666948 -0.818998132508 -1.1791447628 0.703335476743 -0.531386735989 -0.67390310303 0.96005443744 0.683472718987 
0.3773812481 -0.706856226261 0.118254552185 -0.715040709216 -0.921989198849 0.828314361159 -0.718277629749 -0.571710515835 0.707942721013 0.928324013378 
0.476413883676 -1.06572028425 0.169650137452 -1.08115424741 -0.788045937592 0.575057559557 -0.238269682677 -0.688467712148 0.751264375793 0.748180881397 
0.460548737252 -0.601675939923 0.0858844543661 -1.09280457816 -1.25399991817 0.614795222317 -0.366616505498 -0.65002734802 1.04148863182 0.691601009058 
0.427074854353 -0.759272760058 0.0444449903316 -1.22493895908 -1.00724839417 0.803627465845 -0.568794859356 -0.825994372639 0.921609458605 1.07630313912 
0.601551258616 -0.648907831502 0.442662867291 -0.591638591354 -0.901414491215 0.965953831267 -0.264970940797 -0.713529966373 1.00553933425 0.683601129034 
0.718623373639 -0.805632938888 0.267473233843 -0.903952307801 -1.17417813425 0.72203311704 -0.478672729781 -0.506066432909 1.16323084128 0.601214164522 
0.446594811348 -0.823301598032 0.565633299695 -0.719535926035 -0.838411850319 0.242783157822 -0.492800110029 -0.320543256019 0.804066756066 0.841212879459 
0.726420892213 -0.585550079966 0.018200198595 -0.509920079355 -1.09347080885 0.676278673458 -0.64493910037 -0.506808932331 1.20533993355 1.04036314417 
0.484768848825 -0.995529981198 0.283071583436 -0.617696447966 -0.992739620804 0.824090740751 -0.453381251144 -0.237891372697 0.877758822681 0.753637172506 
0.743649276977 -0.613571435449 0.46118640225 -0.624986498028 -0.519807049905 0.726211362099 -0.551294311305 -0.358229969096 1.02909552651 0.858889664231 
0.372977421293 -0.959965625044 -0.0234851046967 -0.828127213982 -0.940310311364 0.838666809941 -0.498650821206 -0.59086133909 0.664703746263 0.577934878439 
0.731874468882 -0.838944311934 0.37128715753 -0.406013973523 -0.861554346277 0.775713623105 -0.630223842731 -0.60065806147 0.964348219128 1.01275818177 
0.478654850318 -0.852904767429 0.471455698331 -1.02522364193 -1.03217750107 0.675174899706 -0.607354302993 -0.612282914238 1.13829085119 0.825952806806 
0.630174081392 -0.668304335422 0.108915031618 -1.01112767303 -1.14697088702 0.579776624207 -0.63922618507 -0.602379639365 1.21018202092 0.800715227126 
0.196475164917 -0.892285642792 0.424963114606 -0.776925704879 -1.02570252639 0.762538550732 -0.59420943407 -0.656418136809 1.13170315354 1.12917507754 
0.322870751714 -0.665280108073 0.181012767979 -0.558748472637 -0.878516432139 0.961835591352 -0.686835195182 -0.514632627736 0.933793933954 1.11869707807 
0.616320723352 -0.877044786731 0.287953505739 -0.816072279632 -1.3899014687 0.796316097947 -0.659980770144 -0.581983845114 0.738899291686 0.821452418392 
0.531773365895 -0.700774683436 0.416282473008 -0.600899786589 -1.15937872357 0.727010122152 -0.672333960132 -0.182707450579 1.24734859386 1.09928274565 
0.892005140954 -0.779927002433 0.0393563423939 -0.714487125278 -1.2432880559 0.484735258356 -0.356425430513 -0.777927236206 0.836455806507 0.803993597179 
0.585126201428 -0.901542589493 0.588615145842 -0.711492635494 -0.825474580608 0.913915599806 -0.539464129822 -0.597355965543 0.675678664853 0.843191549306 
0.548022369439 -0.80619952569 0.42059555686 -0.654512697937 -0.988795523122 0.439214724506 -0.389803580997 -0.345896341659 0.93524372913 0.978337848305 
0.643448503914 -0.868838433282 0.0540977302416 -0.81892602143 -0.812086901825 0.869702597114 -0.559387336552 -0.711204821652 0.729904130961 0.822396465635 
0.741399998102 -0.609222532281 0.176027554227 -0.612337707261 -0.842489363952 1.12567171602 -0.533280071555 -0.506937731754 1.20346599577 0.904572630464 
0.741490314005 -0.77554158286 0.0922153873618 -0.53771435098 -0.998110249852 0.769101667527 -0.49058524021 -0.39213421936 0.564267445797 0.699668661963 
0.751683029005 -0.761497966874 0.291734469029 -0.597188348765 -0.877754811461 0.842241807654 -0.728578868254 -0.732571704501 0.859192568998 0.651477411433 
0.704419640825 -0.616155972382 0.0101335006713 -0.691004280262 -0.912782853518 0.871810888984 -0.633146997015 -0.621826736185 0.87817073443 0.34874335978 
0.868283253191 -0.728527278257 0.246914678943 -0.649798930423 -1.10657920629 0.484829453017 -0.756995570432 -0.619210871457 0.796591789028 0.717084037618 
0.343034189169 -0.796991615396 -0.30218131076 -0.646360863887 -0.918073534542 0.993131452384 -0.500192574948 -0.726825506439 1.12298499095 0.447063151743 
0.520616091624 -0.668146675844 -0.131466200393 -0.770197427623 -1.03657137245 0.903066689222 -0.415965248329 -0.255453605781 1.11217257078 0.718033244894 
0.714696304779 -0.755726210079 0.290152837177 -0.524795882939 -0.936772538346 0.750485063391 -0.582268236569 -0.539014809428 0.696556252691 0.803604209026 
0.503709559737 -0.848730840551 0.0968963793234 -0.38196240414 -0.620358090555 0.944398569743 -0.625433442957 -0.421751836579 1.02650707832 0.800104490331 
0.423016159907 -0.43883225969 0.191368898155 -0.635154993237 -0.829068465397 0.712473329645 -0.53881245012 -0.319548549944 0.751681173018 0.387729765713 
0.611558888378 -0.851664224261 0.140847563198 -0.592473011732 -1.25955511389 0.720083603714 -0.604792128289 -0.501481764668 1.08044750996 0.561580402284 
0.533816467681 -0.811684402365 0.130757216559 -0.569486175906 -0.981493414718 0.694677211328 -0.385892155492 -0.346948633882 1.3077659664 0.759178961122 
0.510507324307 -0.718490865876 0.473081184874 -0.686239991648 -0.952599583985 0.7823366163 -0.431289111243 -0.549749020638 0.792201215457 0.761589391808 
0.713687396335 -0.65003751464 0.365359470384 -0.878228364317 -0.8048836376 0.995960480294 -0.785251321267 -0.508351752754 0.872382177836 0.493232821857 
0.515787944989 -0.992323442556 0.0481715778687 -1.01495680803 -1.13637360486 0.488807021451 -0.993385831176 -0.62684700149 0.964498771708 0.39337016027 
0.372581773316 -0.704459324808 0.0623470830991 -0.389295610788 -1.23266948141 1.0257110978 -0.471446735334 -0.582789335053 0.972625305006 0.333235649 
0.478330347197 -0.907989542392 0.0806642217378 -0.63284425532 -1.01648393021 0.577843971634 -0.630760059862 -0.591324514605 0.880652781873 0.608313871908 
0.682035852141 -0.834410663857 0.301619669438 -0.900165748936 -0.986163176478 0.926775989784 -0.67050698732 -0.564683346742 0.877492223662 0.666177742487 
0.618073753027 -0.657499743495 0.0291617441212 -0.799783223929 -1.04199292889 1.11083130687 -0.43775415331 -0.394650342119 0.835215197922 0.763367803727 
0.481018035724 -0.929838963967 0.267071965272 -0.391847339929 -1.07918052983 0.720404554876 -0.752081115614 -0.513616798405 0.869573165473 0.719805882184 
0.57436077364 -0.680794361433 0.764058259447 -0.624528919402 -1.03738390979 0.650060660084 -0.657442507961 -0.591895869015 1.09580371474 0.621698249367 
0.53319448593 -0.630070051583 0.245378635514 -0.625168393662 -1.03425399686 0.591752333008 -0.51750082285 -0.407807935146 0.768733998195 0.868104422732 
0.566588831375 -0.498527989634 0.356908751938 -0.841505964153 -1.13840531707 0.535000748424 -0.597838612101 -0.592974272164 0.854750645944 0.944458892244 
0.739286564403 -0.752384761582 0.0495269520205 -1.27209606345 -0.806833365536 0.917797870787 -0.534572849298 -0.598399709756 0.92751937551 0.555576129275 
0.489648125862 -0.29094136879 -0.223776875025 -0.463594742891 -0.795238885948 0.792695625465 -0.525541867396 -0.770321673854 0.872488281435 0.552023584314 
0.547139785681 -1.05935857543 0.160134917844 -0.719627000103 -1.08768305587 1.13671450553 -0.724764882018 -0.56206094291 1.16467283404 0.893088447043 
0.523217533352 -0.704074157235 0.621704159714 -0.933369779883 -1.21157516606 0.675875242334 -0.412523656256 -0.362113736989 0.556388650171 0.672194098305 
0.395731435115 -0.509928908406 0.0745820241235 -1.03934942639 -1.31478251776 0.545952283435 -0.522459688056 -0.738070357246 1.01986150388 0.800225424697 
0.536541649944 -0.696547220436 0.424735509897 -0.353322582224 -0.868255480302 0.856353381318 -0.644839590198 -0.480817967104 1.16143622378 0.719003464039 
0.588304870059 -0.671643375381 0.217975934733 -0.497792662599 -1.0704691973 0.811710887911 -0.427724809859 -0.671115990622 0.899537669359 0.983604818828 
0.622104019442 -0.917359388701 0.262914112728 -0.980950951219 -0.732805958997 0.559823858328 -0.936224871075 -0.54980457809 0.988546837849 0.886497853695 
0.757021013234 -0.364863176497 0.367428357283 -0.956663489694 -0.980774982229 0.834307770804 -0.818725251164 -0.543161606537 0.882409586458 0.66647337153 
0.585371654358 -0.43833657014 0.227807576279 -0.986520679611 -0.974037715037 0.363345891999 -0.625786495294 -0.509678107945 1.22365570203 0.72892415986 
0.362263677541 -0.839778233847 0.401492915335 -0.743098827057 -1.11672266586 0.598874382912 -0.348738579886 -0.373774236876 0.774734615491 0.707862070304 
0.83994250001 -0.716789828695 -0.0397902437163 -0.922453349629 -1.36695569344 1.09440917429 -0.680187565012 -0.678847196896 1.01925893109 0.789021380001 
0.583724503048 -0.713374481152 0.212096507453 -0.938638575199 -0.938341361489 0.578888799328 -0.603983883001 -0.638616121036 0.881783475853 0.600722447465 
0.388818503133 -0.798563680881 0.158024679802 -0.717984112039 -0.613067619718 0.692889438212 -0.51127181441 -0.79827858606 0.981657863966 0.793776213737 
0.833973359691 -0.40980483605 0.167477448307 -0.71893326928 -0.922118024354 0.831517442637 -0.757549170503 -0.778872873883 0.989950688036 0.598465470798 
0.629050520884 -0.757585437551 0.432888272089 -0.613167498629 -1.09524684127 0.876250652654 -0.688681526433 -0.806244023726 0.740717489438 0.619395512373 
0.565196762896 -0.638475648071 0.21082766248 -0.884347373058 -0.842675688813 0.417519469741 -0.62575555784 -0.463643779481 1.08747411604 0.851301445007 
0.574254808231 -0.889745786454 0.406901467633 -0.787367813174 -1.04678202997 0.745504525924 -0.612820542231 -0.454471657972 1.01248727558 0.897937017095 
0.648599154147 -0.668246501497 0.153068126443 -0.771856139356 -1.04579468147 0.745643904702 -0.626634459838 -0.630596320822 1.05458649574 0.831879827194 
0.922254226732 -0.614395607758 0.157838969284 -0.903807043168 -0.908276980852 0.64850796728 -0.338959773693 -1.03103635203 0.759962842863 0.903578072507 
0.633450192814 -0.583888406102 0.375963906968 -0.616185242609 -1.10881130863 0.422380221777 -0.542473835299 -0.310503026835 0.964675028469 0.834600770354 
0.793306789641 -0.659125671683 0.354720992503 -0.84699981065 -0.933593302951 0.878548735272 -0.628450637201 -0.554991745991 1.11854667632 0.912672687869 
0.207167398076 -0.891860321082 0.57675356176 -1.18871493311 -1.05148773927 0.824218931544 -0.431480349058 -0.639191710911 0.817860992869 0.799944020747 
0.474992810612 -0.772174448141 0.106442122849 -0.393272827668 -0.83454328898 0.537711440345 -0.492252305479 -0.595860722371 1.08608991285 0.669032209915 
0.793012043309 -0.747182789188 0.175173877887 -0.845475741538 -1.02752357013 0.708206576378 -0.750961466926 -0.35229965756 1.15577193656 0.773856601192 
0.570752074575 -0.495755429747 -0.0646371043818 -0.784250007361 -1.22140897512 0.747207821985 -0.314776973851 -0.709963102545 0.946328982287 0.856307148806 
0.429170854957 -1.04238237558 0.373068815117 -0.538266905287 -1.2882707794 0.929737878025 -0.756221133689 -0.620019260729 0.532525369355 0.55410967768 
0.544052791839 -0.588646546252 0.634014771975 -0.548289284195 -0.856190955904 0.78763564347 -0.677403503317 -0.291949966621 1.01775776624 0.607774377435 
0.89117413374 -0.431264322567 0.0998228001901 -0.755894562188 -1.07771249265 0.764850089566 -0.553652408814 -0.498916119783 1.00777930563 0.783894902975 
0.93340296165 -0.624521937706 0.215712758736 -0.729292007597 -0.893651550919 0.409299087228 -0.401085764724 -0.442596374339 0.968867885588 0.732388257934 
0.605956371822 -0.740722481107 -0.0254776418369 -0.665891829186 -1.06181977978 0.327775544084 -0.323705153092 -0.445757268086 0.969419496332 1.11363564383 
0.759322968047 -1.10828954028 0.269744213914 -0.77944934986 -1.05103224608 0.75744085215 -0.743801576291 -1.20308648299 1.099009175 0.596494381028 
0.380189098212 -0.407689755601 0.342508314632 -0.65018818316 -1.04908149505 0.581447760319 -0.606753505377 -0.791803158611 0.846977988128 0.675805357618 
0.836159707158 -0.712702895276 0.152627470841 -0.794907243681 -1.05245301167 0.846677421866 -0.775816139836 -0.296148254255 1.03755844761 0.518819837572 
0.908836060382 -0.418365744356 0.0724825325608 -0.570280596606 -1.24422085767 0.926843562689 -0.639903536404 -0.323454817429 1.08726540208 0.631063696503 
0.404712892779 -0.765487517513 0.40432106542 -0.684504273459 -1.27322881334 0.853348961324 -0.726433798323 -0.73154185239 0.684604868688 0.469576501326 
0.691276971505 -0.922073973158 0.216614223791 -0.947636023534 -0.813026196987 0.852291884875 -0.347278922916 -0.61377326529 0.687389727624 0.870259662789 
0.510823164833 -0.787389695166 0.441498762826 -0.380635580727 -0.878277844348 0.646374303539 -0.637362797672 -0.817006963736 0.925617927328 0.43335983568 
0.664265920969 -0.995456248499 -0.0405090592564 -0.873444128062 -1.11107039286 0.727414488308 -0.963629979257 -0.757132988527 1.10658360902 0.839273669202 
0.321158533686 -0.785365826006 0.270716156027 -0.601425927936 -0.877120338236 0.902626828158 -0.757380566317 -0.438042096379 0.83014832075 0.606256988304 
0.323414941314 -0.717170502578 0.278269852893 -0.754888047477 -1.01385764543 0.640569100476 -0.266011728615 -0.495373951559 1.07053156832 0.911563857043 
0.841813030079 -0.920835662564 0.514225869944 -0.762308305705 -0.930050309894 0.753299968244 -0.368602581813 -0.548117734383 0.732927795326 0.768763022503 
0.707141600569 -0.834937402467 0.276679835127 -0.77687448873 -1.20614698914 0.652725971606 -0.306633268544 -0.514427908614 0.875760985803 0.685340340141 
0.64968150455 -0.582986346612 0.207736875252 -0.586039256345 -0.885306903438 0.807077432518 -0.391147006062 -0.557384355482 0.669701945996 0.982422001725 
0.400876853128 -0.943661156133 0.490227435553 -0.5151565974 -0.974239171651 0.91430199836 -0.656111496038 -0.69220369248 1.19335204755 0.88178982824 
0.468349436539 -0.866642847223 0.35430047883 -0.676492703147 -1.07319829707 0.787918856727 -0.226270329695 -0.50298028806 0.882196644036 0.759235506853 
0.999405938248 -0.633839175386 0.458718022068 -1.21575312235 -1.22115097706 0.62003507401 -0.98139177168 -0.70800517736 0.907198182024 0.53315018618 
0.649008843001 -0.807889786307 -0.0963252119864 -0.620233010197 -0.694433938638 0.821794935479 -0.705057601128 -0.402641819595 0.776018081436 0.966509210574 
0.899682216397 0.00197431930552 0.583468197782 -0.368681832109 0.813514289151 0.423219963355 0.819359637458 0.832547810175 -0.281340586671 -0.375265749002 
0.81035391038 -0.0162466250165 0.212230954527 -0.712300877133 0.987150054956 0.478293659303 0.968972913604 0.762286410874 -0.233536678564 -0.282750373409 
0.986128098884 -0.115134196349 0.289080876921 -0.533291490043 0.744148609806 0.547215170476 0.868617057716 0.814277137995 -0.26071557904 -0.458617815175 
0.798096933114 -0.0931512552073 0.481284036353 -0.560398038098 0.83624322362 0.392768915281 0.788427722879 0.939158854747 -0.107022028903 -0.412636223501 
0.839432754111 0.0903081430316 0.494447192396 -0.731864468564 1.11109831654 0.557302900619 1.04359382241 0.805683867098 -0.442593325415 -0.378711784438 
1.02293830603 0.149104714267 0.187132330717 -0.523402330167 0.741646285645 0.244530706528 1.0663068944 0.765611434956 -0.415444383269 -0.28512805241 
0.889089901627 0.0451993269098 0.363948080795 -0.725712277836 0.635087575705 0.376017264465 1.09318307982 0.83491777989 -0.369227731416 -0.278661534347 
1.10202344424 0.0055644115017 0.498766760635 -0.702691754166 0.892740515777 0.59279318911 0.865254757521 0.569920961854 -0.4503820976 -0.544807301061 
1.10858278046 0.213507823258 0.368867424915 -0.590486646032 1.02764212221 0.505041689952 1.00725617324 0.939251884513 -0.689577455145 -0.29828497984 
0.937703357566 -0.291682757874 0.430181077454 -0.396361397846 0.833113816502 0.392933639308 1.00191167424 0.781523939649 -0.372863969491 -0.446789603668 
0.767301027564 0.17637124807 0.317009051787 -0.540741091401 0.929513852698 0.38742228658 0.848584140017 0.759187294361 -0.523383878419 -0.568765198108 
0.939939540402 0.0860366780147 0.332781208573 -0.495061249465 0.990078629099 0.46400019178 0.951292576808 0.775245251774 -0.501180947214 -0.189827902451 
0.874130436037 0.0232033918724 0.383090474119 -0.408000653615 0.822014081366 0.428106018581 0.795033606194 0.709549238876 -0.530574212743 -0.288620001192 
0.986648045294 0.140931970856 0.497105464112 -0.804163899106 0.762051314921 0.198423117437 1.07971722856 0.776476304993 -0.344097148909 -0.306599444455 
0.830363310213 0.121840021847 0.2940043397 -0.470513955064 0.817386167307 0.361261279288 0.901956711593 0.837020060515 -0.358077355698 -0.348350443009 
0.991740758076 -0.0609672957506 0.405853810354 -0.756583250865 0.786587986231 0.357046164695 0.698281466829 0.844299077397 -0.381503537564 -0.0688588567478 
0.779202146308 0.00498374766534 0.260091014715 -0.719598173304 0.845681119033 0.547874598542 0.689218199639 0.852558022865 -0.329617253485 -0.336277159357 
0.903716977356 0.237478862497 0.402691274961 -0.647912650198 0.760882610099 0.425593982017 1.15387582387 0.838199708513 -0.467096734767 -0.339173662629 
0.827787798477 -0.0131378241241 0.256146235377 -0.738320977132 0.958246063955 0.403578137229 0.822738973862 0.830298923774 -0.403173914318 -0.125906061804 
0.770121843116 0.288171785461 0.197649326666 -0.476547587477 0.794420193815 0.203518531223 0.939263827934 0.79325351444 -0.463940663609 -0.437662002972 
0.846146999211 -0.014237956041 0.336396263171 -0.357446572826 1.0609146773 0.621248060447 0.930885926524 0.971186668597 -0.340556950415 -0.50274656483 
1.11463410965 -0.0567286164759 0.5368465586 -0.747531163728 1.01808652564 0.377604415997 0.951896276679 0.992061446059 -0.318950631947 0.0957369342881 
0.86499177053 0.165931863988 0.215254425485 -0.562470040142 0.788915266288 0.382378453371 0.834517994977 1.05943577721 -0.435346979221 -0.321736527391 
1.00117289913 -0.154832451596 0.466557403554 -0.560430676147 0.735686146564 0.564990792695 1.01752084163 0.792452088261 -0.348850230219 -0.544358876589 
1.01314312431 0.29660759153 0.343715416172 -0.598960972496 0.846264505782 0.428257110146 0.986554841531 0.661979353834 -0.364652779436 -0.409072061984 
1.00368268738 0.12515715687 0.229738343835 -0.475119431093 1.2273815306 0.343057223381 1.07980198014 0.880523735413 -0.346772545095 -0.257879079294 
0.84254450907 0.0907030090418 0.423929220182 -0.597637399456 0.776017874521 0.381738337454 0.930305339474 0.848155547014 -0.412280113365 -0.20442189824 
0.897002189311 0.152262978539 0.463230506131 -0.39927283832 1.02115664447 0.348200851802 0.835770557572 0.515825777126 -0.34779216732 -0.336121917142 
0.77778977326 0.371690682231 0.250609911007 -0.897340197314 0.994667978814 0.265542863842 0.86124421004 0.752894331984 -0.410305917836 -0.293260453892 
0.865756832182 -0.00794665312722 0.193670003036 -0.695444226754 1.09041006392 0.356587095697 0.983177583937 0.95525753777 -0.410794154987 -0.484561637716 
1.1081363662 0.0103509283166 0.443904031129 -0.69211854672 0.875924909965 0.382401687222 0.990766352392 0.69465105309 -0.230182800423 -0.14773605942 
1.01888603285 0.321304003708 0.219994843736 -0.706550673556 0.750294658903 0.442040481149 1.11416363918 0.896570151501 -0.555733433223 -0.382026622968 
0.980641281614 0.344149509469 0.325921809714 -0.535523095581 0.750120159614 0.477111829729 0.915432823003 0.635235601392 -0.420876855249 -0.394215422689 
0.834322611322 -0.0453971256779 0.333071484365 -0.670375594403 1.01584190361 0.496851834232 1.03329800316 0.82051424886 -0.346205193836 -0.223601181669 
0.747334572283 -0.00517424053636 0.489534412568 -0.570530896539 0.952369954033 0.208267607139 0.880387848025 0.83997845966 -0.285127826843 -0.217332262359 
0.986848006065 0.0548937234552 0.261175813054 -0.383996106941 0.834128060595 0.568373810611 0.936203270635 0.867135356242 -0.386087683461 -0.20557500507 
0.833339091929 0.0358167858516 0.57375545058 -0.597658385168 0.904990846135 0.501544959345 0.836384248858 0.842649133142 -0.470506259491 -0.380628674001 
0.830755388545 0.275510307884 0.316508916087 -0.456175873399 0.996479777818 0.566758147221 0.937940712406 0.937375930718 -0.314964868116 -0.433722700943 
0.855419677535 0.150379136286 0.485337699632 -0.58027737276 0.771572699585 0.317074129887 0.987811207343 0.875459313752 -0.689100075025 -0.33031393114 
0.741637791947 0.251551894106 0.523806139601 -0.619843509142 0.826512976718 0.350957059604 1.02905372045 0.759989383478 -0.47534552936 -0.201348125088 
0.927490990876 0.0270701267588 0.384083366506 -0.559006322968 0.803909675504 0.229646253067 0.844898509299 0.759925093702 -0.342423050451 -0.161659765973 
1.23163745193 0.128801326931 0.337824838423 -0.479232634444 1.02666209611 0.423962783576 0.933446398047 0.887758922589 -0.527761190894 -0.0796779277712 
0.994440355529 0.0627120795902 0.37116452721 -0.673964664358 0.895183998934 0.428883776745 1.05782400819 1.06587347718 -0.558330922943 -0.484069748472 
0.954431695589 0.164962364954 0.266102841296 -0.472131541021 0.783978740534 0.370674809625 0.968300275512 0.571515819331 -0.477029373927 -0.305486141612 
0.628038679187 0.169554899078 0.570797144397 -0.563934202588 0.827319771446 0.304837036286 0.828508999515 0.811931438163 -0.420244486796 -0.485493264693 
1.04964432843 0.0222627997241 0.236671676702 -0.570145933177 1.04041912699 0.498523532507 1.26640054664 0.795495333564 -0.358653717603 -0.217485686062 
1.01328693334 0.11152581834 0.169625493267 -0.50872157002 1.07526143023 0.442032796159 0.921087840842 0.95896906284 -0.290379004455 -0.267347306503 
1.17673253623 0.0902826476883 0.361938101013 -0.743236859674 0.867766865311 0.52149217075 0.767084378249 0.719400158331 -0.337123804968 -0.178840778965 
0.802337627638 0.21063530214 0.0234406524158 -0.640342463477 0.769309569775 0.21746099783 0.806475433665 0.889936279146 -0.417538484616 -0.232270904703 
0.864065087635 0.167271414737 0.434344168936 -0.588095075369 1.02303324988 0.456626367396 0.966098356544 0.835707884788 -0.207004294367 -0.214031884482 
1.0825218007 0.198329689456 0.389752971897 -0.495331163244 0.983135090425 0.251699862584 0.904874961022 0.667821919052 -0.670535806714 -0.0296399945182 
0.702742569079 0.0961154450805 0.146862729161 -0.386320392301 0.813182509798 0.538304293596 0.840027818779 0.595023372993 -0.488172487206 -0.496251895173 
0.979577267811 0.183438878384 0.391110971475 -0.657467568509 0.734746920818 0.532371338689 0.975961746696 0.639511406362 -0.319609979257 -0.372248997495 
0.915686153909 0.109285566412 0.102369060196 -0.343439435725 0.770163583772 0.322508145202 0.837539842349 0.965943690762 -0.396288562367 -0.196582027378 
0.968089758885 -0.17396008889 0.454017245291 -0.776359826258 1.06902518311 0.171799900674 0.538920773656 0.633370460441 -0.331894806811 -0.234956620424 
0.87791649515 0.211711188299 0.33708701735 -0.5007688262 0.902103605936 0.322642030392 0.785930983279 0.742167792529 -0.420783291476 -0.225571793319 
0.822767111786 0.309276019559 0.402064632235 -0.653219279157 0.964494924338 0.499644809624 1.03228131947 0.615493483742 -0.216329250546 -0.4314575711 
1.09281170943 0.099294120122 0.512321539769 -0.633368364911 0.95624455143 0.349044691826 0.907791126281 0.897735787607 -0.471438376477 -0.117277539846 
0.895349853033 -0.0347581165186 0.386666423144 -0.687982749853 0.881262594895 0.328795224837 0.892286393472 0.720846008142 -0.362304223447 -0.34609982809 
0.859459393065 0.182671764354 0.36655065877 -0.734075593806 0.985017184361 0.59843078473 0.992088715408 0.842053102429 -0.533460822195 -0.268304366786 
1.0140683948 0.0597821799149 0.444315551102 -0.689257826862 0.894168325218 0.641461106023 1.16284997535 0.923635391285 -0.187875173187 -0.673355171718 
1.09836898094 0.228912512217 0.198556365366 -0.693692863843 0.706277106568 0.429382341181 1.01137764674 0.707599418631 -0.398355494813 -0.209022551667 
0.900732747398 0.0500492691685 0.403736440884 -0.496911866143 0.678107759122 0.293971554246 0.885665958134 0.793659795497 -0.266759674693 -0.196069567562 
1.00732399257 0.133173407884 0.387227627603 -0.518089682425 0.549425762753 0.260164380235 0.798968486232 0.567127441033 -0.375193049469 -0.302660243396 
1.21344521199 0.184932730369 0.465540788008 -0.368686241972 0.908958485182 0.533267227714 1.09018828756 0.746585829215 -0.352567962765 -0.395443716769 
0.940985274809 -0.104226899499 0.508622591447 -0.228386171699 0.872302102316 0.450722911433 0.849903757507 0.964338215948 -0.474738882255 -0.370648076001 
1.01871483942 -0.0655189677028 0.548415035315 -0.595848035325 0.949438593929 0.259572932621 0.982426678451 0.712583682707 -0.447901063806 -0.253387489568 
1.01006308859 0.00555556875227 0.452870133109 -0.5983023684 0.898960013461 0.531416629515 1.07470751948 0.795823051959 -0.557391813715 -0.246304170021 
0.948731552328 0.199842852816 0.700969543969 -0.433452982154 0.919446407524 0.452249418151 0.919786820914 0.956286851381 -0.414366565122 -0.350491965038 
0.882066326963 -0.061816485562 0.461634137981 -0.452335471146 0.642871911851 0.586979375785 0.887759656396 0.91316933843 -0.329601461457 -0.0949281540818 
0.75887089946 -0.00754700584699 0.346447355987 -0.423847380731 0.910535300302 0.347490639618 1.01113118559 0.784570056742 -0.458303655391 -0.218528972073 
1.13510344745 0.0517695828794 0.572978379495 -0.627774849795 0.706694804902 0.379155225783 0.982993443216 0.776900895168 -0.49706547398 -0.367331154898 
1.01110679338 -0.0628462217313 0.299402696112 -0.625621515832 0.889379746388 0.358910401781 1.06929738132 0.599732771815 -0.497130011495 -0.197497378295 
0.915958803415 0.0507575555191 0.327156478295 -0.611235615057 0.908070472646 0.160876391391 1.09595330148 0.98087452055 -0.362292648517 -0.219674948856 
0.759338312343 0.108818721093 0.326119697348 -0.520452301828 0.964874183053 0.401778990417 0.989358173944 0.726162747166 -0.368655896878 -0.578095493797 
0.823523038934 0.0491067764287 0.433972254894 -0.554540138061 0.863168491087 0.39740172389 0.82108560583 0.842084721145 -0.349537606437 -0.274729880753 
0.864187812138 0.0570795472835 0.262693181056 -0.549810018708 0.742652866442 0.349833640576 0.825577117828 0.931055625136 -0.608858108391 -0.286648614306 
1.09174637662 0.0382492787043 0.42170902098 -0.594637216753 0.883689046547 0.230878007303 0.784246327211 0.756166821539 -0.562134631832 -0.238505517727 
0.933438101647 0.0509516392092 0.303889952049 -0.719023453978 0.801967217191 0.446118949422 0.992438048678 0.430232418234 -0.440891651155 -0.410206944922 
0.956618966262 -0.15804731805 0.465250938031 -0.543791177206 0.945655201966 0.334790900049 1.05443694976 0.894537620276 -0.217973272671 -0.279517684465 
1.12228390582 0.203314121025 0.418905188314 -0.451505177888 0.834788958536 0.396911595063 0.896730064629 0.737068302708 -0.389000502872 -0.558651894918 
0.882640176501 -0.00381141712413 0.518103965325 -0.578217410357 0.863296726823 0.305957047192 0.794931474654 0.65903956315 -0.343680383662 -0.358240645937 
0.970932169765 0.287468203448 0.568270485602 -0.407517763694 0.774264696114 0.571623720526 1.08276770535 0.942557565191 -0.517228122431 -0.304629264575 
1.12413735156 0.30869551504 0.31082333831 -0.843976574891 0.919914437937 0.373373619331 0.920513503212 0.491973628998 -0.29208244181 -0.338800598466 
1.00227570055 0.123838955655 0.335429673281 -0.59701032875 0.748388163711 0.50866790447 0.995768291478 0.74802749424 -0.399545500277 -0.0502871875064 
0.85764866002 0.16734604461 0.601524397688 -0.593919182642 0.889816362994 0.140563058486 0.808257426649 0.824231282422 -0.611449897939 -0.424625412052 
1.09338035339 0.342750691437 0.450632202727 -0.630890072275 0.882860952243 0.414662417983 0.97670247781 1.0479152795 -0.567706892813 -0.198220427889 
0.964351170877 0.00854787954892 0.378827791806 -0.559770577523 0.879436110905 0.3440206607 0.959386436919 0.873519621572 -0.495501759431 -0.297895597217 
1.04249754296 -0.0358694166142 0.334938413876 -0.685945000293 0.834601774887 0.507159912587 0.903374727151 0.786505669497 -0.358475282202 -0.188522018904 
0.97510731363 -0.139945932785 0.244952451809 -0.669203368586 0.952359021221 0.418317420644 0.813878231418 0.893622201971 -0.260253160808 -0.222296950059 
1.01495243819 0.0426151062006 0.00683216331532 -0.40959302873 0.906521834772 0.34252932172 0.89931043964 0.860398154288 -0.244916997469 -0.187514100592 
0.881122605264 0.300020360853 0.372757847159 -0.42949771216 1.0185323617 0.347792688146 1.08341603526 0.832182675441 -0.192056423935 -0.366482996801 
1.1580987852 0.188123810938 0.185807535162 -0.739710490724 0.80997162099 0.115765117011 0.827085488796 0.827630131873 -0.592828026651 -0.185292408272 
0.975478630153 0.420138269772 0.25426701913 -0.467993539868 0.826193252107 0.358451962358 0.744115477504 0.997690049203 -0.267664171339 -0.337999535673 
0.70295861672 0.366497258965 0.405577641352 -0.58473985459 0.969821555696 0.178641321262 1.01833628127 0.591235910599 -0.538624157685 -0.353285507761 
0.885498211463 -0.0521354342229 0.18456159004 -0.595898526325 1.00931389841 0.430255629162 0.936318139781 0.700727057214 -0.615160417959 -0.169237645226 
0.986017639951 -0.00173939704266 0.219110279056 -0.600421001035 0.948189778187 0.400013288837 0.866637069009 0.836085967228 -0.299817419567 -0.309158033684 
0.939373095631 -0.0899846876803 0.316139325927 -0.776292057935 0.94573918806 0.65917675759 0.912452430704 0.845676336086 -0.382808214305 -0.14104316419 
0.9599580076 0.242716664969 0.191546617419 -0.661788059934 0.944724228646 0.328982641093 1.00432779316 0.9480974349 -0.525830539134 -0.118670800211 
0.947531674861 0.248006016585 0.443330674729 -0.45467499959 0.937771253461 0.279814424207 0.95655755175 0.96423061429 -0.589857478426 -0.196903658675 
-0.882216203371 -0.867458669892 -0.303721101268 -0.131303851449 -0.914354066023 0.585508988222 -0.574214337776 -0.263559843075 0.825360174845 0.0951060192386 
-0.674214775541 -0.803509540241 -0.22090915967 0.286904734769 -1.40249138597 0.488483295312 -0.499929990994 -0.123808525115 0.627055610363 0.0854455849424 
-0.538476846636 -0.893193044636 -0.425312643435 0.25700707467 -1.06925534474 0.435014364986 -0.214916700894 -0.326979401115 0.671848916514 0.112896080451 
-1.11829424844 -0.50652655858 -0.304407241672 0.435578823948 -1.08859658224 0.510975147713 -0.373329153697 -0.454374372072 0.519674260349 0.00299635765561 
-0.564061042195 -0.91035940411 -0.383023737244 0.183302556132 -1.20081629529 0.319561092533 -0.0904914081058 -0.341094991388 0.549992096149 -0.229420187001 
-1.03262844501 -0.887649385964 -0.478854176038 0.205816133407 -1.27779966134 0.257732503476 -0.18942917278 -0.792892861169 0.998784252746 -0.0855237439295 
-0.590306408999 -0.872098807156 -0.266988542869 0.127058278454 -0.879337526691 -0.032277767693 -0.495960693801 -0.361935315866 0.647000364036 -0.0448097097536 
-0.81650297164 -1.03166332759 -0.181249488631 0.313465448069 -0.758835039137 0.327257723728 -0.447994346857 -0.0805698531596 1.00794020127 -0.260245093153 
-0.463367639378 -0.810086804619 -0.143631283263 0.33847281161 -1.2614304176 0.262448754808 -0.141512272378 -0.583315640185 0.911638943664 -0.1151567046 
-0.723899660215 -0.944340070162 -0.318872353666 0.169396628117 -1.12064784488 0.351913337021 -0.126862125526 -0.295571261393 0.799778355051 0.0165004576588 
-1.01055032665 -0.585678681868 -0.393656363024 0.289742868407 -1.03635620803 0.501828475753 -0.196258069595 -0.311920652528 0.657306607423 0.0191394035159 
-0.825869189778 -0.845343548398 -0.603889382126 0.42235011669 -0.945625836689 0.349697264447 -0.140747151761 -0.112692365041 0.718657310456 0.0412521062358 
-0.572142160657 -0.7857289032 -0.666473839711 0.12371555672 -1.29579902345 0.433481665206 -0.248180565772 -0.640071097878 0.468026796769 -0.126279992659 
-0.906664354562 -0.619215244238 -0.695882737749 0.490188537085 -1.25323476398 0.376955725565 -0.162935052135 -0.725566378095 0.619323331727 0.131421417378 
-0.562380685514 -0.779843051797 -0.428040832574 0.081387391038 -1.02823176702 0.361742336391 -0.347526445667 -0.298634923681 0.500932211766 0.0114847127659 
-0.773136145623 -0.830947599821 -0.142114114569 -0.118521562665 -0.862601128175 0.316544774247 -0.391348252789 -0.278533301296 0.44337116924 0.427973756104 
-0.842263292958 -1.03274854824 -0.376515553872 0.0450836657544 -0.844857001561 0.214492755797 -0.0742351504111 -0.234740960921 0.94063984277 -0.132097321588 
-1.05636234134 -0.734223085321 -0.217980389591 0.146861600805 -1.31449461518 0.164722062573 -0.495076468993 -0.341890087502 0.474423586879 -0.0500727218411 
-0.733422400721 -1.24127960005 -0.31502637598 0.0214111465143 -0.724983363512 0.761874668539 -0.47778461673 0.00501758276496 0.57371435456 -0.0772357531196 
-0.455876672319 -0.609221191527 -0.262235294803 0.403265183145 -0.819955575702 0.269653415487 -0.46963745254 -0.535095973475 0.503132057327 -0.147551512682 
-0.566601319336 -0.479666466907 -0.325664239443 0.308504227533 -0.819721003927 0.595562007559 -0.224151213032 -0.242274707198 0.480984579109 0.0122500050562 
-0.773230255748 -0.921782173 -0.863882554651 0.238001279266 -0.839267403234 0.161455946808 0.0135720198866 -0.290237872244 0.66622463875 -0.117888647423 
-0.755304734647 -0.797655816783 -0.401618276497 0.145556101303 -1.12582995519 0.370437416766 -0.417980224781 -0.471997797612 0.590857389985 -0.121403630813 
-0.601595579025 -1.06410680137 -0.467262419321 0.20510636897 -0.633157922474 0.334512523852 -0.451362427443 -0.756050198635 0.517499262067 0.0941582836703 
-0.783677697356 -0.96920917166 -0.650885407614 0.365230260758 -1.19242408061 0.53146132401 -0.0686317891962 -0.202238689418 0.686075737971 0.10712679303 
-0.865819072245 -0.894477058364 -0.62697251526 0.0730814690989 -0.940146380734 0.475450600505 -0.312243961915 -0.185626764272 0.682828967987 -0.0832021285954 
-0.886061069549 -1.12367924037 -0.228304256976 0.159717088398 -1.22788466089 -0.0363501855213 -0.158551784357 -0.354739162906 0.963868034998 -0.246272634076 
-0.587403135469 -1.21611133539 -0.467804082693 0.0308821740198 -1.14818267147 0.217625354641 -0.0665715042727 -0.447723647832 0.476802768084 -0.160908225442 
-0.947109785233 -0.814643963464 -0.15995338837 0.437701149179 -1.01764371552 -0.00338157441781 -0.247826600669 -0.151327670042 0.620300637963 0.062072440342 
-0.683471524551 -0.80118077592 -0.481234040845 0.403651157025 -0.761922757267 0.651340175951 -0.688821869534 -0.237309565118 0.847626973055 -0.222513846711 
-0.646647125764 -0.636766602577 -0.300579335416 0.226249222204 -1.02955181796 0.126696360012 -0.107216011443 -0.534724151146 0.853792990362 0.161467852598 
-1.05246462018 -0.779388413796 -0.401024253431 0.0897931677803 -1.02162524845 0.341259209197 -0.23180996235 -0.543445626357 0.725386795204 0.263360379726 
-1.02698628128 -0.782702030313 -0.405012847565 0.215855073104 -0.955487671579 0.257127602603 -0.237186564825 -0.359152732166 0.742143315788 -0.110363227778 
-1.12656101798 -0.992102078653 -0.150749836404 -0.0481541087007 -0.912483536826 0.496713023728 0.0351866336716 -0.408912122808 0.47269439105 -0.0234066737777 
-0.665008872936 -0.918839253251 -0.324570217319 0.221618358223 -1.13090909067 0.326344146507 -0.446511459604 -0.324066560067 0.736514430181 -0.197382242214 
-0.869081991657 -0.651276730259 -0.362673007101 0.472949280114 -1.04915065828 0.354482211503 -0.415992609291 -0.393266576177 0.60756448446 -0.408976191611 
-0.614626909365 -1.29931640895 -0.0551953636237 0.219081267841 -0.969765587783 0.551643444113 -0.261045527116 -0.362170858727 0.737684871433 -0.201255489942 
-0.458286059214 -0.703476724937 -0.469998438758 0.252598688412 -1.34086245772 0.166777482928 -0.0114446242184 -0.39474360487 0.633489241409 -0.191332251199 
-0.240273810036 -0.684981978451 -0.446046068592 0.0991347297888 -0.714283472175 0.41275645938 -0.290570962152 -0.739281061225 0.560721889808 0.0510540938148 
-0.238914089341 -0.672111007435 -0.676326143139 0.227292615028 -0.867744355976 0.347923001527 -0.478962480263 -0.363714398776 0.736240466737 0.146652056549 
-0.46707632942 -1.01085449268 -0.660546049404 0.102268432035 -0.863169263792 0.309685934165 -0.189588761861 -0.625632096018 0.724470068621 -0.0957867688615 
-0.722096067047 -0.852460862766 -0.178970338612 0.11045564321 -1.43342242097 0.313461110239 -0.132426820133 -0.403835396582 0.436818817394 0.202542508739 
-0.58552111815 -1.04836065656 -0.257846132491 0.234411625746 -0.990753816778 0.551471799546 -0.369128002907 -0.459515771372 0.951359233132 -0.254727209252 
-0.492255258954 -0.399497429417 -0.339796823352 0.393541564046 -1.27798008519 0.0632494282637 -0.586663901959 0.0419872825495 0.539299751559 -0.28649391134 
-0.756973622946 -1.05166557996 -0.372761579291 0.233688578814 -0.787906673547 0.341167830947 -0.240271068751 -0.116572745259 0.52995434705 -0.0231976865463 
-0.752628988474 -1.0439177847 -0.303042075602 0.505291426535 -0.995275654489 0.412251807215 -0.0918704668511 -0.0300574609464 0.958466252378 -0.107838463968 
-0.743873119009 -0.550082445132 -0.216288043667 0.0398941695639 -1.29017041227 0.711646792072 -0.509658981212 -0.540644229835 0.728679431514 -0.196275770823 
-0.655318090818 -1.04001522418 -0.289926744949 0.141162719297 -0.987395682676 0.704278683313 -0.686757635259 -0.457693858452 0.420940074933 -0.057304463105 
-0.854303713065 -0.838316022675 -0.192002339828 0.250647626223 -1.07697065067 0.315650063948 -0.0986105513358 -0.277411182766 0.287331888305 -0.375404089775 
-0.921138607655 -0.704192881996 -0.742705713692 0.0623619435207 -1.39211948688 0.571499475038 -0.316102117024 -0.450886560136 0.401105355579 -0.0742347006822 
-0.937076503322 -0.8837405549 -0.45952537535 0.154117647753 -1.01122789874 0.291352277642 -0.202632586595 -0.350207521269 0.720362556624 -0.23364763487 
-0.876108476124 -0.588985545861 -0.108353090597 0.531394700196 -0.778572547018 0.286850833318 -0.236173780913 -0.459313192831 0.72158781437 -0.299606905514 
-0.732651691026 -0.948705564988 -0.245354911461 0.3545102428 -0.918612166232 0.438580496084 -0.564039638311 -0.108441729292 0.583043851183 -0.131133634991 
-0.676933411177 -0.774567132161 -0.0825596873185 0.119059570672 -1.15182011903 0.392352512785 -0.226152808616 -0.558053900398 0.730672426146 0.0382527524066 
-0.493725654065 -0.64560527478 -0.69376278377 0.0519948428121 -0.965010477768 0.360181032032 -0.139775678525 -0.395897586093 0.611735329895 -0.117284161612 
-1.14073334343 -0.847344860386 -0.222884966601 0.772580156089 -0.731919703768 0.186758964087 -0.340883170997 -0.705945200084 0.777879260898 0.130240264553 
-0.931281718037 -0.546538073834 -0.519033473529 -0.129916260106 -0.917821026653 0.138119649572 -0.462521294179 -0.253400162977 0.632440548802 0.0172169031607 
-0.212430685835 -0.662572625833 -0.575234557561 0.0151621150502 -1.18117687024 0.543972441194 -0.0333872403197 -0.454427774134 0.637356340335 0.3279040158 
-0.683210561243 -0.858157333745 -0.672747577828 0.0353577234925 -1.02379370922 0.24055236294 -0.730731846969 -0.360898184735 0.84926646322 0.0869528112758 
-1.25745441948 -1.19580569882 -0.29455123571 0.257081825599 -0.934037418997 0.520929126093 -0.0839931105194 -0.559290507849 0.428268842542 -0.248409370814 
-0.672640186747 -0.833021972966 -0.232264889936 0.353869729204 -1.16394914788 0.136803507813 -0.293182247757 -0.251399158433 0.670941447738 0.101597640047 
-0.716186596144 -0.712839492421 -0.480288505389 -0.0151292992451 -1.0148831868 -0.042457773075 -0.353500435778 -0.589283001957 0.623239684591 -0.0646462599258 
-0.474258720705 -1.00655618312 -0.657147061032 0.241503527239 -0.911519897737 0.249350519341 -0.305549078494 -0.369314927846 1.0675975139 0.0721170465169 
-0.617414682283 -1.03056462714 -0.457801291435 0.270681053172 -0.666461716375 0.179582940642 -0.529187868527 -0.564048098356 0.470197885159 0.0482277628233 
-0.786851245582 -0.821232127996 -0.573361361486 0.148434678015 -0.874401177491 0.415743176987 -0.535270732889 -0.43089685568 0.816290884376 -0.0443200541696 
-0.733605092305 -1.17819823816 -0.389742572025 0.00215335991673 -0.859312189604 0.263630616764 -0.232257893806 -0.491229821632 0.775785727338 -0.215883737608 
-1.08056001051 -1.28603708601 -0.448275790616 -0.243910650803 -1.18687291801 0.491510228933 -0.0648364911648 -0.478781410311 0.776280386652 -0.301967354226 
-0.248506856902 -0.834695210528 0.105367920782 0.331634149446 -1.01593623302 0.625381227322 -0.810243658044 -0.240187869895 0.630023275671 -0.230022388749 
-0.802493814479 -0.721115089773 -0.37684958209 0.0492062243423 -1.01952797335 0.415761249323 -0.231652137163 -0.68303095248 0.599182015609 0.270308492648 
-0.76472117935 -0.856239695791 -0.308344625443 0.266615440485 -1.06937537918 0.308948084699 0.0890724593592 -0.200820755286 1.03799790697 0.058033838921 
-0.807410657395 -0.866564022369 0.0384913673659 0.382753670442 -0.777446613189 0.413086493096 -0.437983696992 -0.36975117728 0.819294421591 -0.183064954685 
-0.620888001096 -0.948461375004 0.0188218193406 0.256925678936 -1.31425073989 0.0759037437373 -0.412509798614 -0.417857626901 0.353223157631 -0.0814520424362 
-0.925223096588 -0.606193638716 -0.149107821599 0.242795693172 -1.27581996282 0.282068628337 -0.158294499476 -0.290028949039 0.802046574643 0.21913240538 
-0.935300487835 -0.937897255393 -0.128453059161 0.155193617819 -0.929576059863 -0.0147629945182 -0.152939316989 -0.381552790474 0.536474394827 -0.170114717758 
-0.876084220123 -0.712116580609 -0.241598324924 0.508122657619 -0.880558765352 0.408639677691 -0.297371522195 -0.456944527863 0.749944207699 -0.299523576722 
-0.749721773731 -0.712644174109 -0.265363909502 0.363883768108 -1.4669384241 0.222825744036 -0.628585843511 -0.196598236044 0.457457865673 -0.0696785115935 
-0.676052829655 -0.93659614271 -0.328524987865 0.130770376347 -1.12946665853 0.298120408552 -0.451040948887 -0.390134135347 0.753436554955 0.0135784641943 
-0.688478315313 -0.466347985837 -0.58981163547 0.165605411178 -1.31709264088 0.363302618578 0.145296489086 -0.555324943252 0.368436796619 -0.0551911350683 
-0.553245477154 -0.842590170872 -0.427664740576 0.290431160102 -0.793138087995 0.462556875448 -0.256045340825 -0.161982294373 0.751490292491 0.291780873398 
-0.736798168342 -0.921296806748 -0.691884596117 0.251416010503 -1.12252436279 0.308176941432 0.0883248096997 -0.275298207508 0.999677895211 0.223468665052 
-0.68797803064 -1.08982231606 -0.594307239388 0.00237838032697 -1.31688666405 0.559972192417 -0.293257819566 0.0982655658656 1.0071010724 0.0974167959836 
-0.457199763426 -0.955020964546 -0.368357768218 0.198968519038 -1.39520498731 0.486931468798 -0.22070913521 -0.501223785286 0.794995743295 -0.0079115605228 
-0.505148744996 -0.684333008824 -0.56712076646 0.717440867351 -1.13606011593 0.248487559314 0.10434056798 -0.332242074527 1.1166189284 -0.11541159473 
-0.484952867947 -0.80809393311 -0.414191705022 0.319330543965 -1.11913195059 0.433908812988 -0.128681071877 -0.299454899723 0.548535727348 -0.127406959941 
-0.801462247452 -1.17551925981 -0.777075598327 0.321953710074 -1.13227549901 0.219381887615 -0.483634640333 -0.597055012863 0.801927889704 0.109329665204 
-0.830239232994 -1.12890449177 -0.419283529727 0.109685788924 -1.19040428683 0.55129516304 -0.292553826613 -0.633595185695 0.520083204303 0.0236223539752 
-0.780884301515 -0.575993146015 -0.211531873427 0.00479256315754 -0.796400228966 0.399140005997 -0.553645561862 -0.309282799886 0.801575512416 -0.0875613400953 
-0.550063171473 -0.981742233319 -0.474716817544 0.332402010318 -0.890445791841 0.308062963269 -0.072893010856 -0.335510740691 0.867084682468 -0.367665348461 
-0.820701557573 -0.858667168448 -0.48990991205 0.227409513117 -0.948535857123 0.387555491925 -0.534070828276 -0.524007445705 0.799921738955 -0.0382446415116 
-0.854554189057 -0.55375417232 -0.629922556444 0.528598782192 -1.04259363004 0.318281072937 -0.51830895782 -0.776818259753 0.802550004353 -0.135191519871 
-0.413153664558 -0.798741801135 -0.120225492658 0.45712609489 -0.89058287463 0.478251469813 -0.304296566156 -0.346361969909 0.638213180929 -0.0174000422871 
-0.858229937684 -0.609288636326 -0.296883463731 0.198765988848 -1.06218947769 0.345488772124 -0.160662320376 -0.261952707514 0.903974422294 -0.176550256867 
-0.614608297473 -0.768412959227 -0.583079140513 -0.0483689050554 -0.902128609039 0.0482768792295 -0.394168355501 -0.57096024103 0.519645319539 -0.00275405940251 
-0.677204953716 -1.24186680143 -0.031637379615 0.110876195627 -0.708616567236 0.132066498336 -0.104997807497 0.0586805273147 0.509482076421 -0.149741336757 
-0.754122596564 -1.02469753881 -0.360977130583 0.184184622411 -0.734574403602 0.352505857064 -0.513727296035 -0.415455673121 0.488654435671 -0.109138293053 
-0.44587518673 -0.916484177772 -0.671892737076 0.341011168746 -1.06461357933 0.4943573364 -0.213429209421 -0.338505130539 0.430896615866 -0.168241560342 
-0.885499889822 -1.00073998176 -0.559140447896 0.191681823921 -0.879346620057 0.308033875414 -0.08338977028 -0.248550725074 0.893425370843 0.0886437181713 
-0.820166336452 -0.878125021128 -0.337992990499 0.313031488741 -0.881761866772 0.506114774425 -0.175168358992 -0.278243085027 0.551705771849 -0.194545584816 
-1.16954035254 -0.780590837313 -0.235437971889 0.40766039042 -0.622340979896 0.702329606504 -0.10635173879 -0.470119149004 0.429501240193 -0.0614051556324 
-0.714719853925 -1.05241953761 -0.46085279459 0.522209959998 -0.754364157654 0.541527167551 -0.138440230944 -0.2519162111 0.585107489546 0.037322207658 
