0.119148831638 0.900395187139 0.878647272607 0.499367334999 0.214680563597 0.765346189725 -1.9069752992 0.238432137553 1.81910354739 0.920754670135 
-0.236475031979 -0.0109151860074 0.62651718205 1.826929866 -0.111143688708 0.853260550203 -1.29458233848 0.262354412981 1.22455314354 -0.19103898615 
0.463671623555 0.577820665214 0.305659403883 0.758689976529 0.884745288712 0.432737208753 -1.14657308874 0.222468188853 0.577723458078 0.778314766488 
0.0958503743225 0.581305395216 0.679864892738 0.679261402152 0.232294700047 0.754715401139 -0.653612101703 0.255905631618 -0.0169445669319 0.248325601135 
0.45288260466 0.454904439772 1.30091688503 0.715554888227 0.347553837069 1.02887916052 -0.950870193383 -0.210055359118 0.835834970975 0.349070183584 
0.771460410942 0.85699353051 0.743168417459 1.58041851296 -0.600962054234 0.414748715148 0.079641169336 0.147239211809 1.03099473438 0.193956761088 
0.354929547789 0.667114393004 0.865925749015 0.848035695837 0.227049040367 0.319914995078 -0.773747476932 -0.563470465653 0.536158957621 0.266166649474 
0.403068946898 0.948971383614 0.547489950577 0.172989094503 0.169883746668 0.206741538171 -0.539394347762 0.716034248082 0.291095000011 0.30217829673 
-0.79607581595 1.19249053732 1.39310902548 1.62154485428 -0.240906701329 0.472611191493 -0.757868108073 0.0152602692619 0.86042602743 0.157930381379 
1.28160962652 0.0868838338499 0.636127106844 -0.0654405911128 0.421365051988 1.04155221536 -0.580620254494 -0.192872995518 0.723478989723 0.700170430668 
0.32200861258 0.782492188407 1.03231432018 0.638585545804 0.368037451699 0.0802087022673 -0.55185681923 -0.872483811109 1.79888162138 0.515454173519 
0.387983478606 0.532111917082 0.128834867282 1.13508312143 0.0877550128515 1.03050351923 -1.84097110482 0.907329335557 0.360083520144 0.603317873825 
1.193118643 0.298194910019 -0.13079921322 0.602475036595 0.0726081260403 -0.0463651233581 -0.586113255307 0.0439493810074 1.47235088777 1.61104800064 
0.56087033893 -0.0465931357813 1.09287688453 0.0375208472659 0.390850647786 0.544194028114 -0.947421829698 0.451235320567 0.127755259792 -0.352315689165 
-0.48125264758 0.0481849393697 0.147023382542 1.2435975347 0.125235661579 0.177641202368 -0.57178567733 0.414329927623 0.703373939615 0.234002196616 
0.132190258313 1.04517315781 0.536772053091 1.23971851582 0.706725006477 0.869681818756 -1.27454554865 -0.603018368141 1.49120115702 0.512471288354 
-0.200400921875 0.481955871766 0.179811535265 1.04587075743 -0.359781429 0.441773773799 -1.25147691669 -0.250102483922 1.09025430769 0.105848907831 
0.569268928909 -0.391570356341 1.24418869237 0.455875502107 0.762657020838 0.811110198642 -1.96870378251 0.0694636934604 0.0869588431746 -0.0577767955617 
0.631229389455 1.40019974863 1.25947457188 1.11862667705 0.820143035737 0.29727958238 -1.05949635754 0.177112060615 0.702150190514 -0.0972813460228 
0.328029781745 0.624665302875 0.776252709475 0.822896753884 0.217122820465 0.748895952645 -1.43232541727 0.557045785592 1.05388188124 0.0956651427181 
-0.091445595412 0.387849450271 0.398075359682 1.50909915769 0.841713972259 1.41082871066 -0.382345014609 -0.447295458861 0.920864779312 0.94032447258 
-0.191621235097 0.307031674237 0.908803227162 0.457283623302 0.00974822671252 0.973450083454 -1.62753290033 -0.702641551386 0.893879554313 -0.0493256061835 
0.52048527002 0.264733398456 0.350750281164 0.587029107436 0.253274744688 0.945517185874 -1.55871788935 -0.275483859002 0.914972895692 -0.035153123402 
-0.259125256221 -0.223389553995 0.930459646947 0.446320361886 0.199963143831 1.49462568545 -1.83203581337 -0.525837875397 1.61645384371 -0.350485682055 
-0.0553467324186 0.213245552454 0.404226289667 1.89067988403 0.727082474432 1.78043140912 -1.1649921929 -0.00657047055526 0.932547382004 0.703357053088 
0.638579523451 0.489369056322 0.30544613579 0.655074106297 0.608205661526 1.10174905379 -1.40243288406 0.365030773008 0.463851958148 -0.457982520284 
0.0998247322478 0.171248383695 0.609053159645 0.830288328445 0.047629539683 1.16378383619 -1.04597643643 -0.345771913254 1.26002812229 0.600162463414 
0.1823448852 0.765944300968 1.00816571364 1.23559307549 0.847696700986 0.520694671062 -0.697430743438 -0.561243274454 1.61727424623 -0.196877246432 
-1.04706850268 0.480524860638 0.277826150501 1.27788102606 0.52390457003 0.0358127460376 -1.30567488885 -0.0717815680041 0.230182970642 1.23277196005 
0.273700686998 0.78061840694 -0.360669432078 0.831773344706 -0.1289788996 0.793280493209 -1.59252154069 0.478682583331 0.653129212721 0.532220198603 
0.273175739015 0.554524628539 1.46480002628 0.669217632549 0.917444907355 1.31246948774 -2.0279144865 -0.415707229728 0.781847609191 0.336154297689 
0.151494220642 -0.0869848248585 0.512442933336 0.448226007154 0.842388314327 0.612523481353 -0.86230921018 0.0859386725103 1.14561608819 0.323280352876 
0.285294628763 0.0700226696104 0.68414453995 0.905297461122 1.22362742476 0.37368134693 -0.60273366821 0.293399716287 0.521914570961 -0.104179881658 
0.367249721819 0.502046580371 0.426803093682 0.927994983179 -0.188225478959 0.7425439523 -0.951437743732 -1.06052419082 1.06124766639 0.105921461209 
-0.254027401093 0.283886365849 0.407715651799 0.288012673597 1.16761467576 1.43590183034 -0.728685909884 0.523184183674 0.0216303742175 0.816341335437 
0.665535915646 0.501078654452 0.256815905101 0.617593743186 0.172025221792 1.20248351912 -0.181985723385 0.00321158827333 0.521980382854 -0.622709718253 
-0.0864832043776 0.386778951262 1.52312464176 1.30972443884 1.19238837706 1.21140222181 -0.654406950218 0.251921151283 0.922191858129 -0.0370637024902 
0.702479491799 0.407836593159 0.690064890496 0.950031191303 0.987429062579 1.72547963141 -2.0166457221 -0.221765961421 0.446844968643 0.250197212246 
0.222504833124 1.46999424909 0.1218761995 0.894764832693 0.437374925001 1.87723679419 0.179723188934 0.26912688958 0.396872240571 0.24532221195 
0.269260402534 0.440598321308 0.86921700972 0.933548409169 0.463886538692 1.08131697981 -0.730472210347 -0.517743660349 0.230761352619 1.23214460198 
-0.0374099678313 -0.509201815453 0.440765239153 1.61931441191 0.498810278147 0.483662980544 -1.17716974002 -0.117510869752 0.850797906321 -0.62519716111 
0.163319651892 0.827015876248 0.838896956243 1.34109672192 0.719227275479 1.67756190959 -1.26847723345 -0.522636390945 0.793229506684 -0.636781739605 
-0.333327472065 -0.169320522363 0.227259027543 0.0463933633663 0.0960473446083 0.803409227914 -0.460631567989 0.0980606100083 0.567505478223 0.587146724823 
0.270971602693 -0.388210642722 -0.879288381278 0.700484165859 0.390745601886 0.796555350887 -1.39407032536 0.0812326274512 1.48608458698 1.12422054238 
0.718652899699 -0.270314495892 0.902382211272 0.832463204035 0.264666547107 0.719108088125 -1.3264107086 -0.538091176568 1.33921352615 0.689560723007 
0.870041063666 0.0761390288715 0.200449136445 1.25284008567 1.09155348036 1.07761542509 -1.79353714658 0.420535838912 1.70408003108 -0.0761189782759 
0.637748967953 1.33917719422 0.573230201578 2.09793126549 0.996682948361 1.26381232813 -1.37465629701 0.162997543309 0.286711315947 -0.202153497957 
-0.00304240726875 0.269299233448 0.11190349047 0.898718442335 0.0332990746862 1.05286539302 -1.11837925409 -0.116753484304 0.822551289678 0.0602471841287 
0.301622110771 0.976756078549 1.10661392196 0.250233394378 -0.192471275673 1.46357351654 -1.44262878069 -0.569825931151 1.14770081597 0.266333046387 
-0.0895747770741 0.710463469953 0.84143369631 0.403494664759 1.4568205513 0.723388217795 -1.32506183061 -0.582326963726 1.01240127055 0.433407959859 
-0.600778599811 0.975558193684 0.580175136957 1.21965960215 0.898880138524 0.460823616928 -1.35536115308 -0.591287027083 1.1059092168 0.242055289185 
0.236698559571 0.486009947877 1.43115066387 0.775324018353 -0.129754264569 1.1885590772 -0.519411971393 0.0756646240737 0.847048105622 0.583585658464 
-0.0278075579034 0.530073971778 0.852015186556 1.23554091444 0.0380959602305 0.412715359743 -1.13589560349 -0.887044509846 0.867261098636 0.127430522993 
-0.177459599766 0.276269546804 0.96880558819 1.22405780403 0.370124974538 0.897969852823 -0.493395259304 -0.394603266357 0.604074118594 0.841786697674 
-0.190173393178 -0.0628349419945 1.18393972006 0.425216534503 0.241506199572 0.46053209415 -0.459229757941 -0.0838718455818 1.4929394063 -0.0626550710927 
-0.00230972796226 0.212778094636 0.754843170227 1.36377811031 0.8689575932 0.697995556544 -0.243517912618 -0.533648491656 0.244310431382 0.782710652247 
0.586230779336 0.960022285086 0.720090466969 0.799264732499 0.995467006143 0.465179565697 -0.882910684693 -0.351245616014 1.30865658338 0.481043991568 
0.556217532056 -0.298426906577 0.161126011514 1.22499461781 -0.106660175005 1.78298182598 -0.920493980233 -0.551618684017 0.660731817411 -0.415761656999 
0.00629871823755 1.07016394587 0.884849257329 1.0249025433 -0.198157924847 1.17858033884 -0.82342035499 -0.228737022186 0.779171372322 0.58604812722 
-0.422204496402 0.157658969022 0.672620683417 1.1426524627 0.0530365450565 1.46109752327 -1.16207232847 0.255759971495 0.539183202183 0.712295391094 
0.0016882359875 0.390147956995 0.600724145552 1.77713812347 0.987947493935 0.965671131724 -0.931464913388 -0.774211081388 0.605553201121 -0.027132497715 
0.764271445775 0.304348056147 0.569159593114 1.09565220833 0.450091292401 0.223049009854 -1.22924364431 0.0171080057522 0.95917026602 0.781278935545 
0.127714369205 -0.13842423874 0.981446859314 1.33012336306 0.20416380916 0.142819101774 -0.0377926263177 0.155502457103 0.885976738975 0.00381682845158 
0.283771295286 0.542843754146 0.202435124847 0.770862220769 0.919731104816 1.55020246427 -0.777488645834 0.281415001829 -0.0130807434724 -0.181757354719 
-0.162790537967 1.1529921227 0.732334885499 1.37611196854 0.638238141314 0.924875742455 -0.954217946796 -0.989472383385 0.191093833597 0.355731483411 
0.271163773822 0.655053966356 0.602463152397 0.774021244229 0.671384407172 0.402014929649 -0.694491144899 -0.487853674468 0.356865985796 -0.0966626474956 
0.336131938173 0.319973485473 -0.306156750657 0.832183851222 0.558589100229 1.2118507003 -0.67389245928 -1.06976938715 0.933576445483 0.73844964355 
-0.326602016417 0.414918296007 1.02009905519 1.75404063305 0.351560920378 0.146015634254 -0.930350815259 -0.303461366993 1.43082707179 -0.0200714760459 
-0.0526461311004 0.430078639773 0.572082887072 1.02961273072 0.24594508796 0.0960262302755 -0.708704967135 -0.0535243370014 1.76019532777 0.55336895984 
0.134855600866 0.413951393063 0.781003144366 0.493507800425 1.34959010676 1.36871043699 -1.15028476458 0.133464297922 1.25855941494 1.18197489014 
0.21478766799 0.373124079931 0.19336758153 0.529594178747 0.604694833184 0.82833664727 -0.559936044962 -0.00152783339095 0.947597639058 -0.305106272279 
0.291683147412 0.377470868498 1.05454595203 1.01612838911 0.132567224736 -0.0218377422664 -1.03071023904 0.0855550322173 0.672561273218 0.920024517405 
-0.149926600877 0.36910835599 0.517769730769 0.470802273526 0.00452458706071 1.31464818731 -1.70387205827 0.456011223414 0.441455728335 0.118641922461 
0.65285616761 0.648414828689 0.754925491481 0.0745209007368 0.971867678229 0.511320579475 -1.19186521919 0.614417606807 1.62095050362 1.19406454757 
-0.391912982582 0.0617030450246 0.048228322361 1.52242722129 1.10111578745 0.275711566306 -1.04931842111 0.658889089267 0.743207052102 1.0715165758 
0.219799809474 0.236327107799 0.0395193772861 1.48252375471 0.8997043679 0.832367847449 -1.4830613349 -0.0812447447271 0.67019457814 0.413342090005 
-0.939906089138 0.313298440815 1.03251942813 0.918851300944 0.97013240762 0.449511735766 -1.43340564073 -0.0355944207735 0.783259611553 0.215195463318 
0.459144103558 -0.204684101583 0.651384848273 1.39052527618 -0.099947287056 1.56253188376 -1.11651983581 -0.139201374693 1.11254038353 0.735638275573 
-0.224816183589 0.508350523623 0.76727890628 1.53517950158 0.00608707960776 0.30028262759 -0.803315770631 -0.228271433964 0.456388223637 1.06380039346 
0.650522255968 0.970608848692 0.437198041372 0.861004000229 0.538558837787 0.731373595525 -0.715270147654 -0.0519464430936 1.10628780475 -0.271981349949 
-0.853228086585 0.343204424539 0.463758668093 0.692840391063 0.110035715341 1.67732164666 -0.899771394061 0.00236650706872 0.838499113035 -0.0305811293873 
0.00807387262726 0.427084565811 0.43753594765 0.437318975853 1.49625449194 0.483158466446 -0.956670454866 -0.1832639263 0.999856531761 0.0717013871006 
0.3619177613 0.345877506341 0.366568746887 -0.0267326952384 -0.371667324229 0.846311753633 -0.738372295253 -0.285784520057 0.844275528915 0.77788239337 
-0.144896069593 -0.822082177956 0.811586408015 1.26355092959 0.173781886092 1.44335181847 -1.51576576011 -0.819978048576 0.594956840015 0.964044131109 
-0.28875682088 1.20127128918 0.657202883707 0.898334679851 -0.217271907323 1.46268607736 -0.181433342319 0.725690186916 1.13791770958 0.629392070402 
-0.337577325375 1.35188576267 0.439237383311 1.0553739633 1.41343129135 0.972648160466 -1.39783585834 -0.326400552302 1.18692872925 0.166307028636 
0.252571837709 0.139444505841 0.442779070414 1.00491472873 0.717945772058 0.576758795749 -0.591141360607 0.214694200282 0.681050902931 -0.0729181172766 
0.836133584625 -0.111979921133 -0.0440503925868 1.80001230102 0.217536828312 1.04469500228 -1.12180256684 -0.361509898816 1.43118540471 0.121372698639 
0.133945222976 0.188683240342 0.578590229241 1.38958825662 0.706937678364 1.72596803665 -1.9425196438 -0.393683647932 0.651430254047 0.153132186487 
0.782107002409 0.36551138713 0.584616977893 0.686930051789 0.577431310276 1.11737638536 -0.464550265581 -0.35433035044 0.9068194061 -0.0203795205554 
0.137094026486 0.377832028342 1.09318413924 0.199720781288 -1.09808300082 1.77162104116 -0.21110853968 0.861908305197 0.515032628397 -0.538702930077 
-0.0773373591031 0.733336304895 0.539046331161 1.42239038319 1.28387928071 0.138376864055 -0.951539237297 -0.443977619838 1.46522731199 0.850632739192 
0.368638672421 0.517669524518 0.298726055223 0.397893472736 0.120090569567 1.25319744163 -0.411689549529 -0.767395993286 -0.0220455190783 0.484733373639 
0.0416407432368 -0.141770149765 0.626331893333 0.330006804623 0.485755398949 0.0636300321088 -1.38961280292 0.370840607508 1.3090535196 0.54153924697 
0.458549020062 0.756449439587 0.667068222701 1.4560387347 0.702931294685 1.05062592878 -1.94452729497 1.00173975063 1.67952061405 -0.0378313443801 
0.152532633884 1.00978035155 0.601976728023 1.64169505152 0.744418432124 1.03620201155 -1.00013655256 -0.228381093041 1.18056545677 0.168122345232 
0.00642891865786 0.210896277316 0.537226015697 0.756712785699 1.28893949964 1.70349772492 -0.800823402938 -0.393920182578 1.3881086991 -0.107669071726 
0.547477961769 1.00230998334 1.09253271129 0.870224067686 1.03755470486 0.539392241068 -1.13118329118 -0.149290539407 1.3224712278 -0.297074048196 
-0.22259098621 -0.0828274412274 0.188635138128 0.798422000348 0.0303519796531 0.919429364689 -1.77893268288 -0.57700748506 1.18376230799 0.658739209565 
0.00957784749228 1.13466473964 0.44770116276 1.2363855123 0.457893599511 1.18773181154 -0.646818112163 -0.819776583265 0.48195072104 -0.228049368798 
-0.589354639278 -0.0516221199024 -0.476938138501 0.230789396838 0.0367816508958 -1.23531556071 -0.43849940099 -0.535730062446 0.98733744118 0.499902785312 
-0.827977736737 -0.0678516616636 -0.656227042411 0.119098448068 0.373434236684 -0.856872667373 -0.660559770068 -0.305542084161 1.090574788 0.532771123326 
-0.791415695407 -0.0190073890585 -0.462234958745 0.101615880204 0.201316328966 -1.02060557934 -0.548517824772 -0.506715274286 0.883920540433 0.579537154881 
-0.829566252245 0.141034206814 -0.379230822586 0.183843497271 0.0593660866571 -0.86268866082 -0.564796867561 -0.393877081908 0.876268828865 0.696458458845 
-0.943014181182 -0.302574612558 -0.380728169475 0.283389597289 -0.163510785286 -1.02474518156 -0.763647242966 -0.387764409065 0.796179127666 0.429066434311 
-0.827899132739 0.0316644373108 -0.704468402151 -0.0744702097742 -0.0501612363978 -0.988466280681 -0.345092970172 -0.564325181107 0.812020722313 0.446984053562 
-0.817587958036 0.0773191656387 -0.460943035873 0.241784722309 0.128150205024 -1.19825142021 -0.640229892846 -0.40092652023 0.815477409888 0.697361029066 
-0.688813480152 -0.45045682103 -0.574431022665 0.0855806722394 0.264455950639 -0.835072982167 -0.707459990532 -0.497501117018 0.988150034282 0.601327397117 
-1.00238519657 -0.126235898753 -0.44995283529 0.151644788703 0.321271687736 -0.874309132103 -0.524321086869 -0.363678476208 0.951263106101 0.513257573687 
-0.756218890696 -0.011829585015 -0.462645692166 0.102510262164 0.0910343928957 -1.10028461197 -0.579747062747 -0.566693546363 0.638180513357 0.486839612811 
-0.613384236021 -0.0922947567371 -0.622625656232 -0.113866164717 0.109803030897 -0.882400181696 -0.392213373338 -0.279720311254 0.870496965543 0.575346532168 
-0.827308471289 -0.195984106122 -0.391855694181 0.114842157888 0.22042708302 -0.925138651213 -0.458885755145 -0.45329762974 0.951387584503 0.484383602351 
-0.813569379074 -0.057669155913 -0.433883472436 0.243189336388 0.21729557339 -1.05089221339 -0.72211017952 -0.677159977398 0.686451654925 0.301429296013 
-0.737937316955 0.0565927134259 -0.664455405372 0.088517566319 0.333435861914 -1.23290999665 -0.503242845655 -0.407127802341 0.857013624669 0.535296535205 
-0.948012258606 -0.0503859371837 -0.447784514817 0.159140847729 0.0968902616436 -0.96366928575 -0.384786313566 -0.519405078775 0.871356157966 0.485652514528 
-0.925415880264 0.138031522986 -0.692950569624 0.0814351347551 -0.00217600545621 -0.966612695285 -0.44699974772 -0.418861491666 0.891272695421 0.536947948272 
-0.675163050657 -0.136340759253 -0.583062200266 0.0210935348503 0.0750545987565 -1.04703681621 -0.469958030438 -0.595049863341 1.04002450189 0.428202632118 
-0.818802374695 -0.0489169126244 -0.65041789212 0.100738877998 0.216720339322 -0.995929107269 -0.57051429053 -0.450121601563 0.683260673294 0.497970393336 
-0.819031356061 -0.367559504513 -0.560886217234 0.0423323188016 0.154327397182 -0.873972008922 -0.626211632763 -0.284254062162 0.851492824877 0.478906500064 
-0.676368039163 0.0488052008078 -0.363927850858 0.0753385951952 0.231186503262 -1.17969926526 -0.812475813343 -0.400016753712 0.760125411205 0.601698413647 
-0.739117855436 -0.152754518387 -0.516241346365 0.187370588011 -0.0186176352492 -1.16499602764 -0.679499030469 -0.492931764267 0.846430937613 0.316728960307 
-0.786474960736 0.159088800045 -0.521560526384 -0.288616839907 0.111378085564 -0.906252335368 -0.549493694944 -0.531415152078 0.85270456238 0.522459581889 
-0.858398455259 -0.19069714218 -0.561522217012 0.189579547838 0.197555922395 -1.09670069744 -0.739239633434 -0.667348637739 0.876493018767 0.565869815672 
-0.770812626712 -0.142680303618 -0.559682571366 -0.0392148290029 0.0926968750321 -0.802158675029 -0.401056538905 -0.46021927167 0.768977176762 0.538695305777 
-0.681789242145 -0.216702243868 -0.527517416714 0.0302982857885 0.254711778934 -0.99612821952 -0.595288941702 -0.50819076073 0.893142365813 0.421470937424 
-0.655596485516 -0.0125177302384 -0.570226165265 0.0310547473435 0.104010333038 -0.844356663605 -0.529693218764 -0.536503408081 1.0877166119 0.585839417129 
-0.567414258692 -0.16593273442 -0.476896900121 0.0376601758834 0.224632717887 -1.1176070543 -0.611569894479 -0.424860974073 0.819606029042 0.63139179769 
-0.501317233083 -0.0531501404854 -0.633556894308 0.00427578352297 0.295143995409 -0.826924733528 -0.458568694655 -0.512338108294 0.895529289977 0.558668672722 
-0.83458815314 -0.014522658297 -0.395631694406 0.171286558241 0.159729240021 -0.994766679862 -0.710247179138 -0.522479832323 0.82632920894 0.655799364908 
-0.956068257402 -0.210370505953 -0.461530037549 -0.0723240235766 -0.113033987969 -0.995050365369 -0.580247445959 -0.557967240266 0.554655790867 0.43396716363 
-0.909499550935 -0.079209879521 -0.539216704061 0.0172788015727 0.162069128389 -1.07365469147 -0.35248509786 -0.674549889115 0.758939729401 0.63927627389 
-0.861137364503 -0.0261055922332 -0.750146895925 0.159305172098 0.443516700892 -1.2261892265 -0.659972984834 -0.502967352531 0.643592751522 0.719587679051 
-1.01681869036 -0.0513730654379 -0.619002586304 -0.00434193310571 0.175540183422 -0.952009293029 -0.665154736148 -0.642030790677 0.983690454383 0.467906832353 
-0.80345295498 -0.151426317186 -0.338450864445 0.270713437483 0.196835210153 -0.968762696447 -0.701674807428 -0.594630058039 0.613586519555 0.594606887623 
-0.561035739675 -0.0518761168136 -0.560921258185 -0.10265080536 0.064416108779 -0.935565890825 -0.511154411916 -0.607183200073 1.07411290246 0.594554809909 
-0.913185153522 -0.174942602059 -0.638016675209 0.0824699905416 0.196759621813 -1.0368553272 -0.505767557274 -0.61881713682 0.778922205496 0.486826051804 
-0.863404433569 0.176240140909 -0.519485672005 -0.0660744152119 0.277711449515 -0.972245884286 -0.584315308091 -0.516295123717 0.636760039067 0.604736356803 
-0.668333491424 0.100122719634 -0.701738430654 0.0715169552638 0.085969756439 -0.87608872977 -0.603673623373 -0.26087972804 0.702809704731 0.582973920496 
-0.373938744017 0.120514266826 -0.535210845451 0.161917823457 0.168963696797 -1.00358850219 -0.562388978192 -0.599346033693 0.672365295493 0.516915218752 
-0.758530465534 0.100918155364 -0.603059558835 0.195231270787 0.139813559534 -0.901848230862 -0.744183986473 -0.511504128977 0.660351518048 0.517724687958 
-0.826638362524 -0.115438948264 -0.334462342033 0.079833720351 -0.089451901527 -0.929662835537 -0.67721996028 -0.304769581935 0.689805939979 0.287216306647 
-0.776095483241 -0.108470913051 -0.542442362311 0.0084920339692 0.275896643411 -0.969802059657 -0.639373773273 -0.470398820999 1.01890188634 0.78116299225 
-0.8751273154 0.137035106815 -0.403326975188 0.172799158691 0.142693078639 -0.879552275482 -0.243737721655 -0.435569644691 0.699799217179 0.427209365615 
-0.696027334259 -0.0880765342446 -0.707362452798 0.000184042559121 -0.279356389491 -0.778279887264 -0.780381725191 -0.507675726929 0.496656274775 0.546322958241 
-0.836168738897 0.0274272645012 -0.460527928052 0.268465505212 -0.00283289215107 -1.07309875765 -0.601595632021 -0.295281382384 1.08388212721 0.524983301083 
-0.67964770009 0.119914796475 -0.647695492875 -0.0464987030859 0.393450898489 -1.0050090221 -0.46334273898 -0.379019023929 0.807674058672 0.351177230315 
-0.852221470448 -0.101862840683 -0.636382816084 0.384269545499 0.206071401642 -1.00359031666 -0.553415191217 -0.595691469512 0.864519805414 0.403094390837 
-0.667384097818 0.0925547413023 -0.654951168432 0.012157995335 0.00948801267086 -0.95079279366 -0.433034402051 -0.562285009173 0.621365872829 0.629460071445 
-0.726672233151 -0.323327245262 -0.459185245262 0.144880278461 0.213115305298 -1.12018269599 -0.484721587372 -0.443491744549 0.667181042362 0.482103774014 
-0.928939764123 -0.144012941917 -0.582412868428 0.146198168056 0.114641615142 -0.926326004031 -0.308384523918 -0.390434636944 0.871001514738 0.450134134733 
-0.625415362635 -0.154507309743 -0.332596884512 0.178353856855 0.161268177695 -0.975396985728 -0.527785046464 -0.405250197428 0.651167036798 0.364264716563 
-0.74882205255 -0.110352297565 -0.520795650164 0.0467822553842 0.151303673384 -0.84670985943 -0.51394316031 -0.335256957706 0.728421765436 0.545089375398 
-0.937002591465 0.0383001315172 -0.644519443896 -0.0190970203621 0.00242036297958 -1.13729381936 -0.770228652153 -0.352676722866 0.965420796255 0.665397811268 
-0.716637521312 -0.0869647394625 -0.797236099203 0.119274300242 0.37762825982 -1.11916266199 -0.615679664618 -0.556860227934 0.82247039448 0.803829715509 
-0.674885608504 -0.0831584605179 -0.578223472031 0.303869081189 0.0166716830861 -0.923922604244 -0.667931217099 -0.429848154094 0.909004842872 0.506559290195 
-0.794645295194 -0.118070315013 -0.508692397491 0.0897274968546 0.0714491904489 -0.95930222478 -0.575531441844 -0.277749438349 0.722370919012 0.660112105579 
-1.05912789632 -0.0674746643804 -0.628105554012 0.152791226673 -0.0905324718925 -0.929776026548 -0.677823260493 -0.104551983006 0.670676938408 0.599500954356 
-0.446645627795 -0.067026727548 -0.498674567004 -0.122903971667 0.265118369813 -0.9885931131 -0.383085054681 -0.622847706796 0.882929948582 0.649776650423 
-0.77693144433 0.110254820487 -0.419652098874 -0.0412247455157 0.138678093012 -0.905047396073 -0.513668397675 -0.487473230781 0.796657333786 0.578420453137 
-0.741310980154 -0.0881418519572 -0.556828336166 -0.103952327606 0.103040298969 -1.02465766649 -0.670217484097 -0.371954850075 0.828292328901 0.583771691036 
-0.80342635261 0.0787766120154 -0.470247540609 -0.0187471925772 0.26822398113 -0.958510479783 -0.35442527933 -0.280057820654 0.686632640576 0.437367499711 
-0.718592438849 -0.123061924374 -0.440739183382 0.151952374743 0.099527743945 -1.16018222878 -0.662938854294 -0.394862592625 0.911674496949 0.508983862819 
-0.969236769933 -0.268748040077 -0.606621706243 0.0842487844885 -0.0256399391308 -1.0788046496 -0.504668361838 -0.545645738843 0.767891592545 0.607582553057 
-0.667725596888 -0.0173182437362 -0.622424756378 0.120260313203 0.05024439614 -0.870039995012 -0.58593273211 -0.313811399199 0.931906967097 0.601749372513 
-0.793003748338 0.126485061974 -0.659977908539 0.145386548623 0.243967326405 -0.981521860721 -0.447776017016 -0.540273253731 0.698982258118 0.436029836549 
-0.695549686451 0.047110580142 -0.586721318107 -0.0969800878653 0.0851164404699 -0.979255186634 -0.673624382529 -0.397543133688 0.438599362079 0.459875236198 
-0.877607105553 -0.0132806619898 -0.750399703045 0.0474926829684 0.103939007721 -0.911703327006 -0.475107645379 -0.448057559548 0.905064495711 0.470142276051 
-0.759038559897 -0.159977248813 -0.281785417383 0.0793643582081 0.311805869966 -1.13504889409 -0.58830289355 -0.625738791575 0.834219206035 0.550081767079 
-0.557952495765 0.0166502918473 -0.459510448995 0.126968958679 0.142241202411 -0.980937644081 -0.482372179226 -0.605086454754 0.909669316338 0.520410493157 
-0.661382569326 -0.207830985612 -0.388301027315 0.125465038029 0.185108488336 -1.1580380334 -0.54011657829 -0.423474010164 0.811942991274 0.400445827959 
-0.6470825178 -0.162887079551 -0.583972410632 -0.0181906686478 0.19175197183 -0.917214104952 -0.698503684804 -0.339951087785 0.823605001275 0.472112758591 
-0.813512814704 -0.0197257724876 -0.542649356118 0.247754222493 0.242763591981 -0.990158783232 -0.505068771962 -0.558549355665 0.772172013909 0.543194451889 
-0.970304232596 -0.174242308857 -0.662951791068 0.0522479749719 0.263611189876 -0.768081903953 -0.643648912767 -0.346161404634 0.908180536719 0.675145627174 
-0.707021923685 -0.0705816676412 -0.537995473934 0.152149067381 0.0743019639878 -0.911906205905 -0.65887044531 -0.499267338135 0.749837869512 0.644792541004 
-0.496945870683 -0.0743633998083 -0.468460754879 0.147782510913 0.162158373035 -1.03573930431 -0.543861510832 -0.632819015704 1.00544010452 0.6219736094 
-0.826286550584 -0.274027716287 -0.428273860445 0.112762027376 0.181613473953 -1.13527552907 -0.648025669462 -0.359653022077 1.13518097468 0.506919434853 
-0.980766015791 -0.02997681156 -0.748587016286 0.176712267546 -0.0267039246514 -0.900809531992 -0.497990019043 -0.422044989088 0.662867248941 0.405897315592 
-0.613222745207 -0.0867327818862 -0.68230806537 0.165715928043 0.00820068897037 -0.997885737761 -0.546713710113 -0.237077782441 0.741584913374 0.474712944085 
-0.716807719646 0.0736145145139 -0.616051403078 -0.0543716098141 0.181373983919 -1.27858124006 -0.58673900007 -0.391025499022 0.712240728363 0.640986034687 
-1.00029290914 -0.214786624788 -0.639676589573 0.0231763160143 0.00767861769685 -0.845279273286 -0.593032682167 -0.536599663479 0.916273711425 0.388727902257 
-0.867079786735 0.0461987914223 -0.537199837815 -0.0918567901558 0.195977215427 -0.757603308286 -0.427152975562 -0.263703731381 0.619915771952 0.401324372483 
-0.597010317714 0.0289625942613 -0.430806313725 0.205123620957 0.186484899899 -1.01677487871 -0.691081380022 -0.191783365517 0.996815811725 0.596932956152 
-0.580956301327 -0.0153593987272 -0.721457433295 0.0906113630318 0.302263003277 -1.07475164714 -0.426228470747 -0.456768404389 0.856001357318 0.388669835376 
-0.614370850327 -0.115914086511 -0.670707029965 0.0589292175544 -0.0458321211246 -1.01677492143 -0.770105254816 -0.268555715881 0.841284464464 0.521862636746 
-0.822650360556 0.119888285241 -0.348344818633 -0.256713897423 0.277033524541 -0.881611022446 -0.674924663872 -0.523086726715 0.831765671875 0.483299484198 
-0.783377644603 0.0927770300319 -0.510779942435 0.0447214400115 0.179096081149 -1.07827420168 -0.657003663895 -0.470586663363 0.683894643212 0.525526368889 
-0.562981791066 -0.217023843039 -0.482512050614 -0.0516920377571 0.00975104558187 -1.0214682294 -0.562844411983 -0.517897347902 0.731695720338 0.612547850524 
-0.899657163318 -0.0814884294414 -0.324756910008 0.0291108866053 0.215947419584 -1.08215987162 -0.558402423856 -0.44123249054 0.733135560253 0.544249503307 
-0.692089340768 -0.0694474447552 -0.542775050769 0.172173060192 0.257751132905 -0.854283689084 -0.610282985783 -0.47183227204 0.764706493204 0.526097934172 
-0.650785479872 -0.284803475073 -0.375093863855 0.183710153738 0.141121940616 -0.687314321759 -0.718639888457 -0.729825282979 0.819057115945 0.597528398092 
-0.914077291152 -0.0851763450997 -0.552716049245 0.114266897144 0.0259511335012 -1.07100729138 -0.50477171962 -0.44452186322 0.761987218512 0.470338474529 
-0.612456773132 0.0482723426752 -0.578286542757 0.0552723595407 0.248991563656 -0.858410896491 -0.64456354359 -0.367067603328 0.798849899569 0.591606698953 
-0.794583862172 -0.167631328035 -0.483507210372 -0.160381842959 0.312563304943 -1.14159774164 -0.738802320211 -0.409356917213 0.762376414055 0.534039212842 
-0.707100172781 0.0597466307951 -0.447627116257 0.118996301976 0.183551912186 -1.05583808639 -0.516592888722 -0.554873808062 0.751198198138 0.345685490774 
-0.783792465603 0.143462626868 -0.454046792937 -0.113709401646 -0.0390715886162 -1.18691231323 -0.707633381743 -0.418374863233 0.767914785549 0.594475344432 
-0.863943093019 0.0826135756136 -0.541013762627 0.224165341466 0.236693873919 -1.0275826652 -0.729395058182 -0.361569763647 0.712642048865 0.52793171729 
-0.590637937369 -0.102170627233 -0.472556054188 0.210326208198 0.204531578049 -0.946216089194 -0.724210534422 -0.184235745111 1.02923779688 0.418915146705 
-0.650041170441 0.00116022452604 -0.532735685844 0.164400720361 -0.103970801001 -0.983120594158 -0.440706330297 -0.501567787998 0.891042205316 0.642894386984 
-0.886250176148 -0.0407569362507 -0.509903851594 -0.173256945295 0.00806631034088 -1.01996050484 -0.51843797339 -0.362729682837 0.935663922676 0.639980011911 
-0.722353534343 -0.119806394453 -0.757194831487 0.122918744238 0.205262902816 -0.90033628877 -0.569386773252 -0.536047063208 0.75169501895 0.492602926448 
0.811463078576 -0.870186475745 0.573074265409 -0.691367959039 -0.802482428729 0.609299718623 -0.61994316306 -0.531006979815 1.00300413157 0.745154679792 
0.945629223736 -0.52096343068 0.393590901749 -0.699601572339 -0.527777325685 0.748929478415 -0.278035329379 -0.210561309091 0.862185402076 0.523265157383 
0.837154220987 -0.927019090524 0.185873038199 -0.656411048303 -0.982926234485 0.948011273235 -0.350319181844 -0.398735627042 0.968318055678 0.719696507228 
0.626366637154 -0.64682767934 0.202708060269 -0.521613880419 -1.23734459144 0.683007996241 -0.781536149611 -0.440626037129 0.897489333287 0.755243042434 
0.476014495324 -1.02752460385 -0.123970037676 -0.568335912153 -1.56699043662 0.666142060791 -0.834194429177 -0.555669686788 1.01931502702 0.776104415388 
0.711809525352 -0.680211343911 0.210034557971 -0.644273718342 -0.823646953626 0.905402595366 -0.827172266618 -0.792921151487 0.927516571066 0.634371599243 
0.579052971174 -0.878304408317 -0.00704656172997 -0.882393876966 -0.831764154819 0.710461045787 -0.65273995129 -0.558922272972 1.11216866628 0.657554544816 
0.526502539549 -0.591187261299 -0.126504347252 -0.433380946136 -1.25467673931 0.836203499705 -0.481057217678 -0.585967569695 1.02000647802 0.953856042467 
0.651762576274 -0.402088341068 0.319071786139 -0.716666404589 -0.977236889872 0.824279778109 -0.547969992997 -0.521809701438 1.17579210703 0.965567096783 
0.940377042084 -0.713925334624 0.406108233595 -0.755708088632 -0.976371461674 0.934380913213 -0.722040239942 -0.269975303258 0.911806364789 0.822072340147 
0.934483682273 -0.819959459047 0.248423308092 -0.986940583986 -0.73773007767 0.537780934565 -0.586885250834 -0.516122311272 1.10146820145 0.693091772955 
0.390152614987 -0.868588194229 -0.12960292313 -1.17071513957 -0.575537681099 0.483346328143 -0.40115836596 -0.603419575517 1.31284877575 0.708677746834 
0.99860105699 -0.871220104918 0.153793760503 -0.727066772011 -0.99844569199 0.56984104905 -0.370596449436 -0.459645528145 0.785770208138 0.889975047688 
0.713156350388 -0.688670568042 -0.0681142656281 -0.769380708887 -1.23627520962 0.713503385182 -0.647642069678 -0.476121303487 0.878572889706 0.704576018387 
0.826228841194 -0.434707413904 0.32812594929 -0.564674433344 -1.06637728111 0.978195582361 -0.45864712007 -0.693648813244 0.856727125084 0.649582214355 
0.594066944659 -0.809565255597 0.241740039609 -0.762742997944 -1.415122105 0.684463304043 -0.44925466683 -0.657453175733 0.938033631976 0.541738506666 
0.560351764195 -0.711373071243 0.239998144637 -0.682476105983 -1.09269958734 0.67844284409 -0.886307126365 -0.588871549013 0.495154554096 0.599434780716 
0.524374716764 -0.392149063203 0.380163649881 -0.772529380407 -1.1373619295 0.803758064046 -0.676102414209 -0.576128255553 1.1992347285 0.958190530902 
0.346076373746 -0.838674792633 0.464542435067 -0.739270758141 -1.03463422169 0.654013764562 -0.128518225284 -0.479533518167 0.839823529558 0.684209233433 
0.389089088366 -0.918370871998 0.164724562779 -1.06028367686 -1.16935855603 0.879803915357 -0.684790416531 -0.925943341108 0.915988778088 0.96811524339 
0.553478693477 -1.02038823499 0.0527763330567 -0.864935143827 -0.801692702391 0.795945708385 -0.668148825074 -0.491431458259 1.15948172924 0.660259300193 
0.338482922442 -0.791268084766 0.153038423564 -0.989504960992 -1.08912922531 0.608451196485 -0.541529008574 -0.805684298651 1.26270972498 0.561135729404 
0.744966734446 -0.558264781548 0.349305185219 -0.513355857712 -0.975507199901 0.603378305487 -0.21990677116 -0.360351224905 0.922146539165 0.59877614802 
0.432254592564 -0.677936651758 0.218362820865 -0.847697320046 -0.913692543078 0.735761607068 -0.726962945624 -0.499988560131 0.717665588346 0.925729954624 
0.630468045229 -0.811475270135 0.439583207979 -0.846032405052 -1.01170351801 0.611126839474 -0.806167761553 -0.697236598483 0.989607354688 1.10894497889 
0.693206414088 -0.393218021047 0.179730965161 -0.881459291268 -0.926564774278 0.738857332862 -0.61993011192 -0.780109084749 0.981925687798 0.779266457671 
0.923269614336 -0.81840145856 -0.0857387146881 -0.893099221052 -0.909006130356 1.02700056615 -0.560668106096 -0.677695328487 1.06875192862 0.590726576721 
0.575045323841 -1.02693473484 0.316293488409 -0.578542437277 -1.04863738415 0.776909969887 -0.68875054329 -0.35696966635 0.830856296199 0.606388825572 
0.736689751263 -0.679820292948 -0.0482904752654 -0.755214742816 -1.12956089574 0.685398402792 -0.630744491715 -0.603956900969 1.1234170522 0.59270583609 
0.698161182855 -0.918810612428 0.150537740718 -0.779579192867 -1.12632912905 0.677953636148 -0.77075721888 -0.2486674019 0.931132316258 0.766209354375 
0.434554989649 -0.845364664816 0.278137010188 -0.714474200651 -1.0114061253 1.03567808965 -0.545997241037 -0.469830376651 0.747205583548 0.784576858807 
0.310703112303 -0.534215222706 0.303651981615 -0.759565188975 -1.23344084082 0.837531818302 -0.543331932128 -0.704977055296 1.08832369668 0.841318642318 
0.368566536638 -0.379610494117 0.401714770935 -0.541803026773 -0.985615322259 0.779573500488 -0.657313778217 -0.651825412918 0.856280052812 0.869930322455 
0.51006316002 -0.756580269782 0.0211371665791 -0.433913216461 -1.28613396288 0.911948952868 -0.906181929288 -0.327030552008 0.69189497692 0.960132747698 
0.211585692434 -0.74989744854 0.333649089962 -0.56494002465 -1.08946658582 1.27984558069 -0.275378867673 -0.493095792696 0.477058705246 0.670351978481 
0.33662684745 -0.748238192497 0.092322330416 -0.565942897753 -0.996938913203 0.747563206955 -0.650369054164 -0.601785211173 1.1097410987 0.790213193772 
0.859399905331 -0.716439229779 0.202734241097 -0.756387742791 -1.01041837247 0.853594233433 -0.43025124877 -0.487833543269 0.894712452791 0.814192278292 
0.498377411509 -0.393367360686 0.287015304668 -0.674230822516 -0.993580298452 0.606124599959 -0.432265879783 -0.713790521164 1.06665242776 0.876074249894 
0.371501457582 -0.53815070254 0.107538797989 -0.725799547867 -1.17912988665 0.787667786068 -0.108947888648 -0.614539271583 1.18905144446 0.692100916381 
0.423406765168 -0.824924855882 0.469360555292 -0.539322404672 -0.908510913032 0.97487814209 -0.389131633652 -0.502117544822 0.661856294105 0.788711912604 
0.726880395336 -0.800520608083 0.21011827809 -0.507524060928 -0.803910847997 0.944294463718 -0.625982307218 -0.642631314403 0.595801186039 0.804860509669 
0.542654896118 -0.776475823217 0.22353271649 -0.688950021438 -1.02211289945 0.850093507689 -0.649241232226 -0.637106830957 1.1909113273 0.767097836923 
0.407472156371 -0.533120095924 0.944208180114 -0.963742781528 -1.06532084523 0.762228317071 -0.692499684145 -0.634043461195 0.925613522043 0.845301255003 
0.576420413725 -0.746762326153 0.290787227722 -0.667316680318 -0.703007657879 0.74344625754 -0.345391655321 -0.571702530526 1.03197975841 0.947411934574 
0.577554015723 -0.613517483373 0.327062980156 -0.504330081386 -0.916959761819 0.762116632256 -0.623267702914 -0.407787211457 0.971677586085 0.831362067858 
0.800725906179 -0.845329415786 0.185323396699 -0.378961381848 -0.865341906282 0.946139751664 -0.55652406857 -0.727160268046 0.612268698343 1.01476072809 
1.07764490125 -0.730388539953 0.51477424581 -0.663838055924 -0.992457680956 0.624193001862 -0.459684361334 -0.901916359415 1.0285289533 0.78211804285 
0.656953451463 -0.735077971144 0.207742545081 -0.824616848821 -0.995251789109 0.579352274211 -0.670509340495 -0.770919644712 1.01675883732 0.632963757631 
0.529817938078 -0.684145161214 0.334819921186 -0.786642839029 -0.86692239401 0.574887373758 -0.449300363209 -0.556232105056 0.977011010218 0.530767981297 
0.386288349774 -0.778353226287 0.0411607053353 -0.742004801378 -1.0559237732 0.773335911389 -0.517574855014 -0.661749937152 1.15237223373 0.606708852911 
0.53507480734 -0.482757895489 0.357986899597 -1.13073375576 -1.17235272253 0.502839560383 -0.379705373079 -0.701506015918 0.917884934405 0.701341898319 
0.685465123586 -0.645569315713 0.325457185189 -0.898946060017 -0.819120389444 0.582139656775 -0.664176446219 -0.414163233665 0.807290858534 0.511602464432 
0.592486485002 -0.877930351034 0.0400178048575 -1.07892957758 -1.18626040721 0.780426211756 -0.612537061639 -0.247289712765 1.11296684486 0.538002395077 
0.604407703803 -0.658835336734 0.259830231232 -0.643574514499 -0.972519134338 1.14677778625 -0.736035173644 -0.812931383994 0.834691108542 0.761911973728 
0.616717883664 -0.850388313813 0.28935241137 -0.97808525965 -0.913378355051 0.883369155647 -0.78976193948 -0.581600086597 0.87955222213 0.742404166511 
0.668032571683 -0.475522667054 0.038271677909 -0.716065929959 -1.11886721617 0.728532210615 -0.351455774969 -0.624462689401 0.922991030932 0.798298503014 
0.31361647604 -0.450294645665 0.574798431639 -0.908376071842 -1.02601002029 0.782395279289 -0.350846145151 -0.760395784214 0.720517063736 0.553960412463 
0.85211928998 -0.63378646839 0.191896173565 -1.01397061499 -0.88843774473 0.506517870158 -0.741520783379 -0.513922843642 0.57233804199 0.734328506952 
0.408711308279 -0.797428395586 0.3985258632 -0.687146706155 -1.21793245642 0.586273052254 -0.237249549393 -0.638443609697 0.829826523892 0.68770975157 
0.488263553003 -0.717849604689 0.520604092458 -1.15215992368 -1.09605447394 0.894113668671 -0.376379282605 -0.735595091891 1.05631829573 0.597767400268 
0.283997776928 -0.551975361353 0.337486064465 -0.516191819029 -1.15577994138 0.811967895562 -0.33154342056 -0.42793959534 0.640439833582 0.871765846241 
0.303439208703 -0.650006470935 0.139909724039 -0.784343809757 -0.882643518958 0.325451068874 -0.582203954699 -0.396698991629 1.22936768007 0.583127363135 
0.715431407344 -0.60652772347 0.115543246188 -0.722652981403 -0.908211044719 0.964052858222 -0.700496714519 -0.761151206282 0.973814571906 0.91668500201 
0.654138150759 -0.700883352648 0.162822029015 -0.515817232999 -0.80331043062 0.660940136695 -0.621177174503 -0.650907741092 0.746864431837 0.853488220559 
0.580096973529 -0.610711796863 0.112983243516 -0.825082780408 -0.673732823103 0.619307544769 -0.802597209345 -0.486805964725 1.32247954912 0.636682143402 
0.4618406389 -0.655344881636 0.259220123787 -0.899911407091 -0.775905753357 0.549975593368 -0.815361049876 -0.638964338725 1.07961127427 1.0910829014 
0.403890650525 -1.22101044668 0.570955991294 -0.603468331963 -1.02424929518 0.925188730622 -0.383291440454 -0.544861749663 0.685423598016 0.539885617104 
0.240934298383 -0.628214657297 0.106596098304 -0.728333608859 -1.01084308857 0.985924617918 -0.899961972163 -0.407274378997 0.968402264356 0.885174829571 
0.539372514798 -0.825715796345 0.253577296717 -0.717487814651 -1.10277415299 0.531902355534 -0.70467523358 -0.632113067752 1.20755111368 0.810905112892 
0.651713298866 -0.718326794104 0.344369411179 -0.642836965098 -1.26920034765 0.930490061194 -0.631184356941 -0.807058029614 0.775323469498 0.855398143212 
0.543780143561 -0.77456433016 0.231882652834 -0.672530089364 -0.997673102175 0.784476868666 -0.571683365168 -0.612061242718 0.778150531946 0.865430920057 
0.306834645746 -0.685296239634 0.114552087816 -1.21977118237 -0.760987929202 0.741395835802 -0.650651126502 -0.214149146772 0.73597644577 0.704165722067 
0.655257264093 -0.964081194452 -0.0636088689842 -0.608381611287 -1.2387707775 0.6551532027 -0.337813042133 -0.529858479919 0.74055896268 0.738893859658 
0.480774124533 -0.780979630348 0.371455262014 -0.762446337986 -1.07018725372 0.733895737209 -0.808842803203 -0.442152611843 0.838101588087 0.564412466025 
0.556901714067 -0.682817366216 0.305413448637 -0.761232974838 -1.14221361885 0.816696310103 -0.650180589779 -0.650868626625 1.03025825873 0.544627164385 
0.886408890859 -0.705465285125 0.0954801095722 -0.770690384119 -1.25759205825 0.702701552436 -0.653060012375 -0.569449867984 1.02892426151 0.657428120159 
0.674291437406 -0.774693933782 0.0772184024799 -0.310107936657 -1.02486997596 0.68094021381 -0.477171903628 -0.630740537855 1.08288522472 0.584077728995 
0.687053847496 -0.621511249614 0.221253340831 -1.12551099245 -1.02001820012 0.967665968714 -0.499274935515 -0.431641631885 0.644345056314 0.739406161923 
0.714016191816 -0.651084928942 0.230751920859 -0.858337114501 -1.18750078733 0.477254320547 -0.408846735546 -0.597343021392 0.842971722478 0.703639104916 
0.592204558079 -0.872636850831 0.2468810285 -0.749980159442 -0.954344878144 0.821101776252 -0.314053093231 -0.861247178457 1.06886718865 0.893081813124 
0.405181855219 -0.997440050434 0.651539472925 -0.710030110891 -0.76346640025 0.900758051057 -0.440239885304 -0.605866412163 1.12135187914 0.731212372449 
0.503759345623 -0.697806608559 0.167157376602 -0.885098224276 -1.27825031703 0.618558406729 -0.96368013818 -0.655159242047 1.21775477835 0.753150761839 
0.621955522342 -0.535404495184 0.103292067917 -0.798261656567 -1.38833622825 0.820474022475 -0.688109823634 -0.128938323105 0.99452127147 0.93001676052 
0.719833228281 -0.668191482653 0.22772305095 -0.772110359022 -0.922628709293 0.812680029166 -0.542400752563 -0.561512996604 1.06875148978 0.748516818623 
0.553148489714 -0.696117202702 0.299668648691 -0.663420925883 -1.17888006578 0.526031689534 -0.388407255652 -0.582831457226 0.814442436038 0.91371462819 
0.860234715335 -0.756147987301 0.177256874125 -0.665678209441 -0.966190926127 0.908461050484 -0.667111834544 -0.341810299878 1.00080154281 0.950589244872 
0.42482062013 -0.772795171978 0.599881128843 -0.848841043877 -1.22989403703 0.76175293735 -0.554651618042 -0.552250876843 1.16451387128 0.949135522325 
0.945734950111 -0.82082407445 -0.109749955813 -0.892611073284 -1.09510423729 0.910214862496 -0.531519403827 -0.569727225211 0.849543594961 0.852629541087 
0.376602146028 -0.301016933757 0.238536263666 -0.654305774458 -1.14201388293 0.927645508555 -0.5956870857 -0.356193898745 0.932080000073 0.470154210701 
0.7287725912 -0.454330067399 0.0690834970207 -0.329919329575 -0.797093154366 0.684130073244 -0.851080632153 -0.409129494142 1.41284001917 0.740957335131 
0.440009323219 -0.491237431016 0.333695324739 -0.926203795112 -0.914686532344 1.00675228009 -0.455414065094 -1.01429880179 0.796340247151 0.914853084324 
0.444057135598 -0.485253794797 0.386453110981 -0.606295730066 -1.34446003819 0.815596742384 -0.452153585216 -0.7650408268 0.903835831006 0.900171692346 
0.58045622201 -0.890570360954 0.150911992161 -0.803822674529 -1.01073338601 0.975322890348 -0.747412418298 -0.537791860338 1.06882133202 1.02800108729 
0.440732121897 -0.770225110601 0.14036827625 -0.695239266147 -0.772501116972 0.796967450462 -0.378308721639 -0.248231357749 1.20110022866 0.415362561389 
0.849706918849 -0.890120834693 0.1363521972 -0.840879720426 -0.813685134419 0.496654250731 -0.45624433079 -0.773833966356 0.885529413076 0.72102610267 
0.826123247764 -0.909730148116 0.144503165042 -1.11669013294 -1.13299939135 0.436250242315 -0.700819514959 -0.518130721965 0.695426643007 1.04728849034 
0.45627643648 -0.86377549162 0.341676359411 -0.523397141763 -0.945654831175 0.525317244289 -0.558750242456 -0.702510969328 0.955454213188 0.92025376692 
0.842859647782 -0.821670963028 0.316424305977 -0.645373884872 -0.873362740397 0.792820991188 -0.952474935763 -0.783024389779 1.22810941776 0.904197361773 
0.588195581988 -0.606062482789 -0.079244152068 -0.61392276055 -0.571449496039 0.560762322787 -0.508317041115 -0.429620744241 0.842414101544 0.986250289892 
0.541764589708 -1.02272193305 0.25739528295 -0.636172657433 -1.01006456767 0.347287143381 -0.521496750525 -0.605649228219 1.26490380888 0.712994516706 
0.928146769988 0.221311350874 0.437707141441 -0.518883910334 0.984681670724 0.372272389232 1.01045037841 0.751680944454 -0.346025900342 -0.296090833517 
0.81872114447 -0.308965205062 0.481547137475 -0.69835953809 0.697626729742 0.570144007498 0.979472140065 0.905158411177 -0.530604410229 -0.450205500732 
0.902183192214 0.113944989565 0.38023427693 -0.476824496642 0.916784780964 0.278427856309 0.832331670317 0.692728610533 -0.606524993758 -0.299601906798 
0.85884400802 0.33730993886 0.250751231279 -0.632883469847 0.901824480164 0.500551589956 1.23513063943 0.817649901335 -0.351678485755 -0.226403368307 
1.09143321032 0.184530421576 0.367916196104 -0.421672921206 0.725433251994 0.134941918378 0.854631611008 0.744094947035 -0.56026626578 -0.236686881849 
1.08065158806 0.190311620995 0.190360648742 -0.50025861517 0.694451724761 0.466781922271 0.860633109483 0.587253509658 -0.428373803215 -0.180573036754 
0.855106832417 -0.264565718031 0.256859151689 -0.736629191118 1.01334302217 0.420089722787 0.880982164552 0.759004989647 -0.366597288448 -0.243760109149 
0.879699356276 0.248544987731 0.260935198629 -0.869242740103 0.681244327788 0.404621004029 0.994753573933 0.82374907786 -0.376371123927 -0.401759954085 
0.936650519736 0.149391032492 0.352447550406 -0.461565841525 0.938103415838 0.198123137054 1.03579498257 0.813171973893 -0.466453677925 -0.250348108598 
0.900268316891 0.15990063666 0.32953084012 -0.635121412464 0.721543420668 0.243732995085 1.0289475435 0.705377080069 -0.366736984234 -0.238736496323 
0.981848644427 -0.00896274943273 0.123958754536 -0.693323919048 0.705998682128 0.337834823229 0.964092388225 0.829452992229 -0.147704036232 -0.391355153442 
0.699473471278 0.07376598492 0.411629367229 -0.583388961367 1.05085951607 0.53474477779 0.663228261042 0.993112817205 -0.498030669554 -0.383528827249 
1.06524536414 0.198303548299 0.648161821898 -0.598850074027 0.97847702094 0.499402722627 0.792993711009 0.773008943956 -0.616828529003 -0.1639590257 
0.753473370358 0.184811039403 0.460426094595 -0.581268090491 0.949689970351 0.183606624067 0.741885399392 0.511282690987 -0.218556529239 -0.304157204963 
0.826336998093 0.0386831812674 0.392398126062 -0.567869380178 0.738852365297 0.260165239951 0.83555063822 0.590277199869 -0.545912719346 -0.221519320892 
1.04570627627 -0.020155277015 0.353430657329 -0.445501598862 0.809499092261 0.512780977316 0.832541413585 0.592668504445 -0.415732461656 -0.272005113034 
0.985533810794 0.10512777168 0.302720892178 -0.628402668709 0.747067344989 0.459149178052 0.89158674619 0.782363649153 -0.25190001128 -0.217667300038 
1.01995069004 0.0362804639118 0.379694365895 -0.672029732866 0.909014207764 0.221968105354 1.06049597838 0.914861117602 -0.148532890183 -0.328659745437 
0.832747680586 0.204217377632 0.563028140519 -0.611369553686 0.78955055151 0.41771054231 0.653086057635 0.702294941545 -0.423482148004 -0.322222497734 
0.937006191365 -0.0476533055097 0.492425759268 -0.542208034249 0.748805915086 0.0841855979391 0.959850160793 0.830161158572 -0.421752200704 -0.12802145126 
0.903830837701 0.0675720102636 0.313131932391 -0.71217897473 0.783735429146 0.379177163537 0.858333641844 0.643110783959 -0.285442993876 -0.504987240267 
0.907389906254 0.0418152968048 0.417882244752 -0.531079685683 0.977214280667 0.529303081587 0.811638281496 0.769175162095 -0.484920687302 -0.166081414648 
1.02483660007 0.00495228613383 0.594522941786 -0.598398473538 0.879492510518 0.362879090424 0.91218732867 0.712994383965 -0.237936216934 -0.176091048327 
0.688523249246 0.399992877112 0.273179937398 -0.753126185417 0.812696704385 0.26441216025 1.07397359184 0.874075544747 -0.293303653133 -0.0653373193164 
0.91361114701 -0.015472118739 0.0563893714431 -0.60589726982 1.04821473497 0.479848839806 0.625326365293 0.644696126333 -0.404590828704 -0.399759542571 
0.798838363809 -0.0992130922925 0.225947530576 -0.484435526018 0.944319070327 0.316201160761 1.06135292062 0.838101388085 -0.413503687349 -0.301687496619 
0.853156576678 0.009686531258 0.382230695812 -0.432764540487 0.939900971156 0.373431714494 1.05202547555 0.891523845634 -0.326972860224 -0.44085051348 
0.725700346944 0.124301982571 0.36205534488 -0.708880527135 0.655583776767 0.170604430158 0.87985465002 0.638405430028 -0.425738009685 -0.174574286364 
0.870637828218 -0.0253945408684 0.301076766361 -0.661836310499 0.998497700308 0.464208051115 0.796061729353 0.66457373007 -0.459754339845 -0.215521501514 
0.950321649127 0.0985755981525 0.489258171909 -0.620945901506 0.89487910879 0.406620304191 1.04590772723 1.01912074289 -0.442107148681 -0.470953922624 
1.23161612498 0.142554485893 0.294301445416 -0.529047266123 0.804171252677 0.358426449356 0.975095584754 0.924424028878 -0.333671603437 -0.273900316919 
1.02508310488 0.0624627080723 0.533851131236 -0.840920342802 0.83267326034 0.267834186558 0.967933866048 1.02327947905 -0.299281714998 -0.285502135491 
1.00766394208 0.228439118136 0.37792942913 -0.634849535479 0.736425367479 0.433586419837 0.992856584925 0.669022555923 -0.169465808903 -0.251709870236 
1.07674534425 0.166699602346 0.332598801748 -0.470559965533 0.887561177565 0.356454491348 0.826566610523 0.631973359112 -0.554962383412 -0.344743794134 
0.845603711162 0.160683634419 0.258864948239 -0.720401045462 0.908430147088 0.439482567937 1.05631912109 0.826815147677 -0.316844572851 0.0600274235814 
1.00927481454 0.246445747337 0.474034578824 -0.426407515304 0.801389541134 0.469721143167 0.947556321556 0.938653107612 -0.382089585194 -0.0361377043441 
0.761071433159 -0.0437268622969 0.462717841213 -0.867685515345 0.862472179432 0.246390049064 1.13005672996 0.68512589725 -0.385028455874 -0.368040090293 
1.16624128107 0.0279023146912 0.706211766683 -0.740471281858 0.670644027 0.40872231117 0.770780724648 0.629114953682 -0.326865095091 -0.263501808417 
0.997518494389 0.202725942891 0.355242347366 -0.784564860353 1.0785482924 0.719388804154 0.849963493607 0.890926974547 -0.365038904369 -0.113894291027 
0.891632550655 0.135899037986 0.464229514559 -0.574009230416 0.773561539505 0.37033764593 0.777660252254 0.919974994678 -0.369910813652 -0.22781434704 
0.979904409633 0.230382806539 0.438761705363 -0.597477650491 1.04060643312 0.324955401791 0.900753384178 0.761303284943 -0.304843912387 -0.214043058746 
1.00983907783 -0.0302785130346 0.442184543812 -0.471399926514 0.840332720485 0.384598040266 0.913989600529 0.776295659319 -0.514483327185 -0.247189496467 
0.895712108066 0.182277836441 0.403402098876 -0.63620990852 1.02228803321 0.361180781941 0.779152758261 0.439651120536 -0.472201054314 -0.356422312839 
0.940417046985 -0.0628167191999 0.356597291308 -0.627420623711 1.04530707424 0.348460153973 1.12936691215 0.869245405897 -0.523014881771 -0.153665892216 
1.05244630108 0.0895677902964 0.258961867429 -0.702966691052 0.666380374674 0.502297642548 1.18411751461 0.7594797445 -0.389086513393 -0.285350213763 
0.890274743676 -0.15779732041 0.299790371376 -0.574960993094 0.785908632746 0.527837672829 0.899030834442 0.782230884796 -0.341762819943 -0.254343731683 
0.914240078006 0.205093834192 0.269688148163 -0.636031621483 0.765450865818 0.379207821384 1.0617670323 1.01433606373 -0.434887542579 -0.393856872772 
1.03122982607 -0.138079729872 0.196257191781 -0.500684556208 0.810091749671 0.404084545211 1.00454394614 0.706237046884 -0.601543761043 -0.376031266233 
0.703012053032 -0.119479088529 0.271448308412 -0.747764811631 0.993722727841 0.302200565311 0.932659348261 0.743039954213 -0.369419544132 -0.3790435325 
1.06646339182 0.00986746777574 0.214672329475 -0.418585066104 0.897649931757 0.532813239857 0.933452679401 0.730675675061 -0.583117746775 -0.420791028855 
0.895028590357 0.306798537063 0.31693933004 -0.642592945982 0.940810874064 0.243459625993 0.897839472833 0.805059540866 -0.572517958811 -0.465081312481 
0.763550506094 0.11833337993 0.344443771674 -0.798032459765 1.05403131522 0.35246166775 0.866164835695 0.818005526841 -0.311100830617 -0.219033008927 
0.869558851533 0.0482037454655 0.427044581684 -0.366979992139 0.635477859299 0.434835080621 0.911087430604 0.634443066613 -0.32020379222 -0.133522757076 
0.748742484323 0.161442301884 0.185863260597 -0.775750194635 0.743701053535 0.457253915634 0.995364497459 0.582481100335 -0.306287490073 -0.288949039008 
1.17018513966 0.0661828011703 0.727615573126 -0.660416525295 0.954649191864 0.496107611449 0.97727259495 0.828482400939 -0.471266417798 -0.437441813678 
0.887808182598 0.0912461448532 0.369097117968 -0.543854930772 1.05618553636 0.127874747546 0.919667526472 0.653495782033 -0.345956797816 -0.391679477311 
0.96380484603 0.147372789241 0.440348235459 -0.431879770635 0.965454035642 0.413003941968 1.2130569912 0.719977250406 -0.500351223115 -0.377419604274 
0.82794800731 0.0704968253262 0.428284622302 -0.879492473221 0.834947223107 0.437008579652 0.936048493066 0.693524925255 -0.27551185379 -0.222634403644 
0.996964212755 0.0343371498006 0.0615884204898 -0.717985730772 0.833346367337 0.405955718445 0.918263419117 1.11647618993 -0.451132534138 -0.447699765418 
0.872150216718 0.0937771700634 0.335775776722 -0.661592385623 0.946278845503 0.405915062699 0.866081222649 0.949476541932 -0.359059491253 -0.58675349483 
0.804423997341 -0.0488884230581 0.493190613329 -0.708901671154 0.829206036489 0.60353929329 1.09847053448 0.765727901216 -0.332551345294 -0.295870993288 
0.814776879791 0.0411712075316 0.501026412866 -0.553909982698 0.823425286908 0.357319833737 1.07045167621 0.791536986727 -0.569157542161 -0.163834226916 
0.957876429927 0.185365263636 0.200365900468 -0.681754269505 0.862727826042 0.413820267804 0.94637930373 0.791986036463 -0.313904441619 -0.270852877748 
1.02620084739 0.00130173529957 0.235801277876 -0.544493706943 0.820311094374 0.268832659997 0.915842890206 0.617439372442 -0.220380620466 -0.165978277298 
0.781252119193 0.252916488213 0.547751703712 -0.683183009762 0.841071417725 0.445091596317 0.872549764382 0.935187926459 -0.430494134675 -0.239711989546 
1.02264334495 -0.250908488248 0.465308192143 -0.703953720083 0.856196804289 0.254432879079 0.814831840404 0.965882854234 -0.518279491008 -0.453758107462 
0.881513152675 0.178254706455 0.321390913352 -0.775910143798 0.857718369254 0.498073748571 0.799364609497 1.03368274917 -0.290375071163 -0.352526221194 
1.07227815057 -0.119242839358 0.267760696276 -0.767166380624 0.836398533348 0.336961566491 1.00724396752 0.80990046387 -0.37271976664 -0.377598882126 
0.716987963245 0.0603361474372 0.367270650713 -0.851924199614 0.939291739725 0.286843027416 0.925701711305 0.728180678935 -0.265956788109 -0.213771854307 
0.924865009082 -0.0185520700204 0.497234707845 -0.60302785158 0.949066019622 0.377706753892 1.21195310185 0.818029397235 -0.516297008861 -0.218494870646 
0.887518952827 0.052863789855 0.368145047683 -0.534220601942 0.956226604685 0.182781059939 1.12067597197 1.06639333631 -0.384178236492 -0.0194621502724 
0.752801649814 -0.0201524112039 0.489630239266 -0.757759581909 1.00217552933 0.273804535721 0.845174421802 0.952012749033 -0.401160683115 -0.386773581518 
0.919130822291 -0.076680113098 0.074733200915 -0.636848815132 0.897441159822 0.587802966741 0.95598471932 0.951816106664 -0.178086723542 -0.297812581321 
0.822528465869 -0.00625625550735 0.383129493838 -0.512802501713 1.16109326981 0.46225113971 0.968992120158 0.925261940227 -0.588896891659 -0.098788774006 
0.968217934161 0.0467410740046 0.508882465963 -0.626188480204 1.04547106494 0.340543065117 0.851881883486 0.692376019058 -0.471739489415 -0.437689136167 
1.01778686161 0.223354649885 0.279284052498 -0.646372116725 0.703104179458 0.297708295009 0.829218446177 0.856840489117 -0.444143321712 -0.0523289526145 
0.807426335735 0.155016163163 0.507065258074 -0.618826215421 1.0394769704 0.303489018856 1.01240360761 0.826276628453 -0.430393128591 -0.303538266389 
0.866089312307 0.0383812273878 0.275740243298 -0.598612590874 1.15932706886 0.271537671456 0.965276658034 0.75535252984 -0.263282975296 -0.361050444589 
1.17035342551 0.142364294498 0.285502465394 -0.470217620494 0.926519389315 0.532939900883 1.11784194314 1.0161576714 -0.404474671098 -0.0709800954556 
0.902012374322 -0.0397637158658 0.454051613475 -0.492103959578 0.826658554763 0.433019884916 0.807911584188 0.810358299348 -0.443314089164 -0.0589572529609 
0.834368127564 0.122957467308 0.24254564083 -0.527302799246 0.762277318163 0.299628213382 1.0482565865 0.94337941337 -0.469384946128 -0.109688029869 
0.954137270188 0.17803617068 0.240681901592 -0.711268720643 0.822691946063 0.215439975519 0.972789489995 0.731533116951 -0.605677081656 -0.151507430355 
1.13770554495 0.018676718364 0.352075891399 -0.498271673568 0.677908146833 0.38442436643 0.905334881427 0.876303494985 -0.438278519281 -0.25942530849 
0.886985999118 0.267879330441 0.36211551622 -0.682165568363 0.619164165071 0.429243836573 0.961627864702 0.661076043891 -0.494812200119 -0.322300704384 
1.14071920882 -0.00490277843929 0.340071361185 -0.544216665011 0.842973549763 0.274101032038 0.887197144372 0.913853698974 -0.249346547867 -0.394877889001 
1.16107882148 0.120223093616 0.300510099068 -0.769982624685 0.897113811815 0.348999761025 0.926564526018 0.704844179495 -0.511475540373 -0.336937113603 
0.908368607833 0.177518978077 0.539003093418 -0.486856333275 0.795162377015 0.407199275253 1.18277997694 0.823349157203 -0.479938055974 -0.284462823075 
0.538964773684 0.165806440091 0.240644910953 -0.666169168651 1.04099480851 0.271936896933 0.993772677357 0.837998904102 -0.435933140341 -0.145944874143 
0.96519349135 0.0779217892363 0.38110129671 -0.668788973288 0.973115238112 0.507169213962 0.995716633159 0.870479210508 -0.314535315973 -0.183000114747 
0.435518590753 -0.105200203632 0.252467644213 -0.46198623613 0.812965121058 0.40378326208 0.840683578844 0.843473832793 -0.527302283208 -0.384457208991 
0.860866727599 -0.136760449616 0.283051766647 -0.631853317956 0.770357624421 0.426880669942 0.91415330154 0.711431333009 -0.624841795885 -0.597545777727 
0.946861466143 0.295189488232 0.224298659681 -0.678221181376 0.988638631438 0.509854211526 1.30213272196 0.692545902658 -0.302880576712 -0.39393407887 
0.840255000412 0.20530866631 0.534776084513 -0.385056670361 0.952468866194 0.33952108051 0.999889208881 0.837179593443 -0.653196944534 -0.416308825867 
0.95074810116 0.0251614939226 0.41587901331 -0.659425892657 1.03649141794 0.394958968949 0.816047725933 0.957076577901 -0.459050206061 -0.450823965908 
0.76742639115 0.012196132136 0.341428855061 -0.488242161262 0.863971009231 0.273114961599 1.01172648277 0.702278195256 -0.239200738682 -0.279458224696 
0.857938965946 0.121333325757 0.48343307596 -0.558392726821 1.10991529545 0.295680374619 0.81999916296 0.729051579319 -0.494308445191 -0.259429251377 
0.846621330633 -0.0860305068105 0.363712830542 -0.616609891199 1.13258645057 0.427664175376 0.788668124747 0.647711175051 -0.501424548236 -0.38125889051 
1.04118842357 0.227499980634 0.462544178783 -0.621664334925 0.822793284615 0.55504392951 1.2036815046 1.03419596842 -0.445540358441 -0.464067068473 
1.0477110254 0.211096872276 0.530790903243 -0.550386672071 0.549065726938 0.470882491087 1.01457686157 0.795880053671 -0.218025584774 -0.423400772371 
0.677869759254 -0.0167028949913 0.287699553805 -0.758919907675 0.858150125705 0.514154356204 0.79272779909 0.527350517958 -0.513220591854 -0.247363185844 
-0.69887507618 -1.02328760738 -0.501276106045 0.379707106258 -1.15340470852 0.0413800364533 -0.552218450319 -0.365057030777 0.455772570436 -0.094506317296 
-0.824940765201 -0.967772329745 -0.102169396414 0.157314955564 -0.709309290735 0.292523103188 -0.0789482227128 -0.579405558846 0.469055252154 -0.133553194693 
-0.85922521956 -1.1398830642 -0.160724964106 0.0247750637729 -0.618780182966 0.192601474063 -0.163222286697 -0.579259106131 0.841599194828 -0.152514545212 
-0.365041968677 -1.06714282765 -0.938901930469 0.340083932235 -0.929223810952 0.369487660115 -0.29598521403 -0.384388209771 0.870057282665 -0.226531971109 
-0.975756754696 -0.744339193525 -0.276124123315 0.0381790413812 -0.868304052469 0.551853141296 -0.157073624988 -0.551373113553 0.833567803485 -0.401400787973 
-0.457318675272 -0.8237535787 -0.464979495928 0.236652245166 -1.16505029188 0.546711747976 -0.220643243484 -0.524774792824 0.649228689468 -0.326559511405 
-0.492523346004 -0.603851394367 -0.237884410722 0.00053306800788 -1.10106287242 0.341983885163 -0.554932797504 -0.711819894207 0.633781624299 0.00172175929046 
-0.664235019038 -0.695732718784 -0.295131052878 0.209940670839 -1.00021358066 0.742764345372 -0.601956736797 -0.0798625434419 0.86924876357 0.273450721948 
-0.984677794969 -0.808821663981 -0.0454070237638 0.191482512655 -0.873737992327 0.150336139852 -0.151973237167 -0.360332731317 0.935945665517 -0.110375483127 
-0.504448161655 -0.6867613504 -0.443010937912 -0.234959677672 -1.22235519897 0.502990577331 -0.613365548264 -0.56949632978 0.324180893977 -0.019147824184 
-0.599800692807 -0.733960240224 0.0275853621354 0.223426643357 -0.964555128952 0.355120817548 -0.259196270863 -0.764777029287 0.616382744792 -0.317980349832 
-1.35404145637 -0.540562030566 -0.478431307864 7.82488364669e-05 -1.06022393206 0.41859358726 -0.201753208511 -0.752143006332 0.74153433839 -0.0892199032411 
-0.571706252506 -1.00657150828 -0.71090850973 0.122001407544 -1.05256942362 0.790751486847 -0.353467951143 -0.531383127624 0.816644587735 -0.105021424363 
-0.860600498325 -0.761981375406 -0.267506340628 0.246397900841 -1.00836133416 0.456654606655 -0.202741712189 -0.303927357703 0.752018257247 0.118464989102 
-0.676819714602 -0.703743152397 -0.33451751678 0.397627373829 -0.769195576259 0.017807249004 -0.0204799557331 -0.270094174441 0.395890889184 -0.173342494081 
-0.904092442563 -1.14033615418 -0.435054368564 0.156782426855 -0.544941300166 0.575257956518 -0.165271716312 -0.402373735869 0.650505350923 0.0677323010222 
-0.550181767569 -0.974701988248 -0.551462104586 0.467961545129 -1.05311917146 0.219019266357 -0.430363714254 -0.208721977378 0.579637976432 0.0019808046622 
-0.52926209802 -0.678661894933 -0.566538289248 0.10742413295 -0.99987936398 0.381682291409 -0.319038261981 -0.307772843209 0.354812702188 0.240172746926 
-0.803795615539 -0.912758709542 -0.0976677101351 -0.115740304069 -1.03073955399 0.227734364258 -0.257856719037 -0.357902325117 0.686497993656 0.0208720418289 
-0.74141996296 -0.612553954932 -0.567248244945 0.317795823404 -0.768085293099 0.398844112247 -0.105423369319 -0.828657215051 0.966404380296 0.121125470961 
-0.858359583632 -0.882325247509 -0.116766287329 0.10976667216 -0.750958390095 0.711166955092 -0.123592696143 -0.740582723295 1.07380860051 -0.236904330473 
-0.610848780495 -0.788316194629 -0.465878481319 0.395037924395 -1.12868788523 0.341288898894 -0.407124134829 -0.338858297753 0.242380128881 0.0795041575996 
-0.555349193576 -0.895099535236 -0.494678553104 -0.10766588699 -0.98777350945 -0.00526463895613 -0.105984987127 -0.346307337988 0.426545682278 0.151408727737 
-0.849087377231 -0.681181793687 -0.450033713707 0.0908593857928 -0.914544069729 0.035112390052 -0.341687355058 0.0571518811434 0.476991041883 -0.0954704857788 
-0.526611167926 -0.584949411255 -0.0913809942842 -0.103796526219 -0.805948824563 0.329930528515 -0.456907840991 -0.571884986402 0.707199414774 -0.0763655475267 
-0.648216520142 -1.03249994488 -0.33947808058 -0.0183270489468 -1.13656343762 0.312741903976 -0.487933316397 -0.477632576646 0.552398338759 -0.224301072963 
-0.821415735448 -0.907201675996 -0.0966968070886 -0.073187917006 -0.668652155641 0.367357048408 -0.648670822513 -0.510357036634 0.731634528839 0.297945867488 
-0.436484116336 -0.967425713237 -0.789267249955 0.385871367971 -0.826451600168 0.403153761438 -0.41809896244 -0.485618349233 0.450204507201 -0.231882608649 
-0.432711376559 -0.989194160543 -0.383697150047 0.384041537061 -0.867344714149 0.0874575328729 -0.468253611807 -0.398504983976 0.879608369476 -0.384368639759 
-0.714456213942 -0.617709134889 -0.488782768235 0.205315843522 -0.893794185272 0.253242625866 -0.10921022879 -0.313313193066 0.83065061881 0.165418872321 
-0.809702193177 -0.825520434364 -0.201942454191 0.364920171557 -0.660019821129 0.527821023705 -0.467411996698 -0.19461748893 0.556263623038 -0.222430343366 
-0.88999503975 -1.11925964633 -0.249391715105 0.287046721501 -0.724436517647 0.367643382615 -0.112313127508 -0.511726553903 0.372312989549 0.125898564565 
-0.830314104342 -0.823237585373 -0.278068308204 0.356101458896 -1.2569287664 0.699716328265 -0.332670361646 -0.328631790348 0.517849233302 0.310526407334 
-0.980124442109 -1.01876309438 -0.0937962187358 0.231568310545 -1.25618816383 0.188804896259 -0.200581712336 -0.0722142673945 0.340117317939 -0.0807382140898 
-0.353721559657 -0.838835235485 -0.759290788496 0.34808280618 -1.1321796676 0.273945137992 -0.3003507606 -0.358799494639 0.833920470584 -0.00527739146973 
-0.848921172131 -0.847773546617 0.000754913314061 0.0825972312278 -0.960751645077 0.202010461508 -0.171618981574 -0.753707459824 0.686879953065 -0.225854662021 
-0.934833146757 -0.942914354443 -0.18928118305 0.20589335237 -0.937253163978 0.415246984967 -0.674084520909 -0.420720953954 0.692155356309 0.312872356669 
-0.410979104476 -0.847046720644 -0.100686274405 0.0717188447402 -1.16560718943 0.464000245958 -0.0581763439331 -0.49064955882 0.719398446684 -0.169367582155 
-0.509828442627 -0.271031035291 0.0154430560709 0.409214387297 -1.20844645116 0.381602927315 -0.395314134243 -0.339607532301 0.792692546009 -0.225604004406 
-0.786675098862 -1.00454879858 -0.856874487606 0.271362092097 -0.939170267687 0.638707054758 -0.482448789903 -0.552100594838 0.997565280083 -0.236480517399 
-0.509634573248 -0.696215097729 -0.474584026374 0.356295728715 -1.17743317752 0.146245546389 -0.432187513381 -0.40798852458 0.536208559182 -0.343112417849 
-0.358199196723 -1.0622101282 -0.529589354667 0.114056704177 -1.45649291873 0.217314059009 -0.247912059581 -0.410827537179 0.742176475757 0.00218617603748 
-0.735212997672 -1.3336319572 -0.26715337595 0.247936304462 -1.19143324217 0.0975601831463 -0.0106036900095 -0.601214963045 0.93051185842 -0.230089233563 
-0.845704725622 -0.66820950384 -0.126719749181 -0.0390131627263 -0.934449096267 0.183157300443 -0.500835516199 -0.426397329844 0.576387698851 -0.342782502092 
-0.322213722258 -1.02044372982 -0.663330072412 0.423171835229 -0.940156113694 0.25113888903 -0.177799894632 -0.0611773103834 0.38601474426 0.0834769763819 
-0.397623387645 -0.779735977655 -0.500954307566 0.289841693733 -0.8509168745 0.225695832593 -0.380589439725 -0.574707995604 0.45097228624 0.00353538607026 
-0.76884907379 -0.855181599296 -0.314801005418 0.396285014796 -1.15451121793 0.44336983969 -0.479547346819 -0.44265246424 0.621027726748 -0.0719088754238 
-0.652355954228 -0.757220867485 -0.493266329687 0.161210729404 -0.693380036618 0.637785187786 -0.368682804928 -0.196462096854 0.985426975932 0.0807797416519 
-0.910115731982 -1.00787379112 -0.558846937231 0.229041029471 -0.950951582016 0.145248182143 -0.392754173722 -0.286625307389 0.664381935027 -0.0532843173456 
-0.685564993126 -1.25521684172 -0.263903692709 0.290686297764 -1.04867850494 0.563304585903 -0.196497572521 -0.451117727453 0.750988481258 -0.0597416411368 
-1.03943277093 -1.05817885238 -0.275995774569 0.244978527118 -1.23051334237 0.525164371225 0.182083746035 -0.53677868592 0.665891118153 0.443879938117 
-0.432409267347 -1.05796166954 -0.246355571522 0.163555614336 -0.78749194824 0.399082479385 -0.629136170163 -0.188173637601 0.616166578693 0.0759227783911 
-0.902141008088 -1.11543604464 -0.581156697959 0.260974219955 -0.941811642447 0.184750533673 -0.328275045508 -0.361023459848 0.427234860587 -0.0404711310428 
-0.74336018186 -1.07477484983 -0.219347948612 0.594524413992 -1.20686414675 0.316944107091 -0.396194333874 -0.524477384543 0.330934984398 0.00980835681628 
-0.845757234599 -0.507381634055 -0.739264561953 0.300005777755 -0.888958431617 0.354738967234 -0.00682882569316 -0.32583979014 0.327380853174 0.141683048468 
-0.505552594799 -0.954303764313 -0.496461542813 0.0118988481969 -1.34217958538 0.371598343081 -0.239317068887 -0.250838836506 0.715641974059 -0.0196988672216 
-0.577033741882 -0.741835017822 -0.332970870439 0.286530249883 -0.799925568604 0.416755041567 -0.326034933371 -0.127983461281 0.708726535225 0.0222312480161 
-0.802980052553 -0.983960031597 -0.528628268461 0.18239860456 -0.949216457527 0.739455814433 -0.450459167675 -0.475079809007 1.01058164773 0.0362430171707 
-0.691847376248 -0.394121920787 -0.267782402799 -0.154627766965 -1.38827642174 0.201296561584 -0.374101032992 -0.356616080718 0.690962715195 0.308017569204 
-0.546865165799 -0.732527434968 -0.204447244175 0.362097457787 -0.994697682181 0.4086943141 -0.359420176475 -0.468424241841 0.621861399439 -0.240717337053 
-0.490481797114 -1.33233723997 -0.330700011318 0.329240508008 -1.12908493045 0.489453090319 -0.239470445675 -0.406216890817 0.661204877587 -0.190679575975 
-0.499390697564 -1.20170065401 -0.341919844555 0.227872235505 -1.16812937706 0.106795588048 -0.155038242676 -0.799853887514 0.404751050545 -0.13083097349 
-0.452571034495 -0.95708834555 -0.13105849551 0.0756741510321 -1.21905804316 0.264043286917 -0.404775346977 -0.211532947056 0.764606377123 0.496694740834 
-0.692845370897 -0.885622475567 -0.548592545688 0.122757568754 -0.731982181236 0.450965605607 -0.453056031885 0.054997146543 0.878843488128 -0.221089531206 
-0.537810791652 -1.07367281323 -0.0489300897209 0.0449554662751 -0.976340116467 0.288418796296 -0.371472830953 -0.620694883801 0.415158743239 -0.0165648063205 
-0.606546826841 -0.499948297482 -0.461598436883 -0.196489389644 -1.09472701218 0.277915541239 -0.207459287798 -0.532304380833 0.758858696621 0.143259603373 
-0.846808484252 -0.836283040931 -0.486677287532 0.210845382558 -1.12606371784 0.246358120787 -0.00716853938136 -0.19346876041 0.747775259269 0.257387662822 
-0.944534049567 -0.951605106694 -0.748425888445 0.338958989511 -1.13113868764 0.330513782913 -0.190248424607 -0.210291018794 0.622575234604 -0.0926001060409 
-0.690544242529 -0.696429029991 -0.552475180186 -0.111563416865 -0.798825988952 0.24380814648 -0.6013716375 -0.598662179378 0.60829811668 0.123241569197 
-0.707794477814 -0.714217026277 -0.694330618938 0.44587671783 -0.932080989439 0.155672034666 -0.626037220128 -0.116132289982 0.693986217628 -0.0719111887844 
-0.717527698159 -0.41488404154 -0.0306580935344 0.39002112421 -1.23021482901 0.542444275355 -0.774105035977 -0.375958664183 0.649601986964 0.127979113522 
-0.77953808878 -0.806424463055 -0.267135929676 0.211209848607 -1.07837273758 0.382815060277 -0.212479134999 -0.488183663988 1.02245780554 -0.0478589357686 
-0.544377764751 -0.947840108533 -0.24457605113 0.224972378057 -0.986403179093 0.380720690728 -0.187663867385 -0.254227795358 0.411258471295 0.0470765174333 
-0.515582017933 -0.600601242902 -0.15182719199 0.0147144080546 -1.13747827094 0.454544692814 -0.599580896213 -0.350067054483 0.860847851068 0.0546565178389 
-0.54984441044 -0.913060594901 -0.575873961481 0.522410784203 -0.932989249665 -0.0795787945034 -0.341443832371 -0.360915790395 0.745583513517 -0.170927057458 
-0.870954698181 -0.719838364166 -0.716975777646 0.227139577644 -1.06198121078 0.440190994497 -0.71337352166 -0.560460161724 0.884432093525 -0.222939316288 
-0.444251890274 -0.834548503168 -0.393095232596 0.353660192771 -1.21878330773 0.543281803127 -0.594335184581 -0.460550597356 0.257888806287 -0.136607740463 
-0.631705887124 -0.794869630274 -0.440119711386 0.189996076123 -0.725442659169 0.470784289156 -0.471007746417 -0.294615654831 0.222907311229 -0.0171079946869 
-0.530190484511 -0.870449168755 -0.38462593957 0.444250446579 -0.738771796732 0.378933506096 -0.33914493223 -0.36631824323 0.698344002996 0.235282213825 
-0.755653979194 -0.789347825691 -0.757319332901 0.256874623257 -1.24227892939 0.212342251116 -0.502329513407 -0.57538259616 0.571700846545 0.0424154382754 
-1.09256572352 -0.933516801344 -0.236502848698 0.202401527281 -1.17045073401 0.00711761926244 -0.483975802803 -0.16071099269 0.667470977849 -0.155051277152 
-0.642641388402 -1.02304644472 -0.141898876363 0.369846855392 -1.12598074774 0.417671723911 -0.606162102308 -0.37737768336 0.409314159309 -0.368574468752 
-0.974231161241 -1.03134812938 0.134847461662 0.320128400324 -1.08574766251 0.268134146883 -0.2504558181 -0.776720609228 0.401675054622 0.0164755759941 
-0.562061609609 -0.54100802901 -0.234441819524 0.234226684864 -1.15151240668 0.274635188812 -0.392717835833 -0.330511771437 0.616494919327 0.287467908428 
-0.709667281689 -0.925349159947 -0.0936196915127 0.402108552909 -1.12125609199 0.920886316327 -0.298242584472 -0.427296933699 0.715726114942 0.0432591347034 
-0.915328926725 -0.548718351556 -0.0970741581204 -0.0684914963483 -0.945733019451 0.401947169688 -0.416130777659 -0.25997009275 0.973805028191 -0.249640161764 
-0.926488886185 -0.77305817198 -0.29062809708 0.315042871064 -1.03806213265 0.395971322611 -0.362881566073 -0.28913000551 0.524241178772 0.175852795961 
-0.683955155628 -0.884924834698 -0.632158686973 0.15749020011 -1.21367380516 0.261575640702 -0.293439972216 -0.767646952249 0.463557667636 0.159618472076 
-0.793111947591 -0.968249491969 -0.475631054671 0.468055683358 -1.05071215015 0.288868836938 -0.560536280126 -0.242252050542 0.802583038692 0.0331193339848 
-0.806295931175 -0.586568827499 -0.495238235378 0.0406822182596 -0.965779785655 0.370484713516 -0.250519185864 -0.182521809431 0.732124932146 -0.066877415003 
-0.530236187234 -0.78316426368 -0.795176762701 -0.0915358966054 -0.604335955516 0.115271964653 -0.494979738966 -0.418990241045 0.407044105277 0.0289636101015 
-0.742582518552 -1.05652398742 -0.284337154372 0.322978625649 -0.975733190601 0.486660602326 -0.541436613299 -0.218541990639 0.532187139036 0.20812216451 
-0.302743155748 -0.761596987755 -0.668085557318 0.256705910179 -1.29348590365 0.399381457013 -0.58643307841 -0.595130329093 0.668151181971 -0.0332975848506 
-0.646472141087 -0.442945642711 -0.376413068424 0.356016197073 -1.27222682819 0.272368590106 -0.429094169456 -0.50193238461 0.665661602504 0.0361375786557 
-0.672043883417 -0.6755147373 -0.543594615532 0.629606068401 -0.863738800522 0.664813071671 -0.07812041961 -0.45881863091 0.755164528155 0.0588339383181 
-0.608684369627 -0.559252672116 -0.242569474123 0.0191664974018 -1.27517535655 0.785987692459 -0.614013071169 -0.340808996226 0.720257270597 0.0492585141473 
-0.621485645434 -0.933437469327 -0.17268016508 0.367401295713 -0.884191441387 0.317550033414 -0.612407512364 -0.247137590766 0.540746466257 0.0103481883274 
-0.411323044521 -1.21629892053 -0.488708160011 0.324394587243 -0.9558805971 -0.0842663488368 0.162981027244 -0.373299275022 0.788930310685 0.103297843617 
-0.92495855134 -0.690357802231 -0.530461969524 -0.193152091081 -0.910695309709 0.45181707039 -0.222219208982 -0.418616089375 0.413670585497 -0.486954318521 
-0.709732439341 -0.869783327667 -0.375178551977 0.0378676918945 -0.916080662734 0.282969623755 -0.157524546299 -0.631075485049 0.416147859913 0.124717952624 
