0.273849592088 -0.207277133824 0.0641645806231 1.2267873098 0.128922457473 0.2501002613 -1.5464607131 -0.108791721373 0.819990318068 -0.418642262764 
0.295181090496 0.176715839142 0.470857735815 0.193610890753 0.498707875817 0.791622691291 -1.3070947096 0.112492350201 0.474655773692 0.595023788998 
0.28296275005 1.21311667398 1.00885857483 0.323024522823 -0.0250578768064 0.375418785486 -1.21473723368 0.357607917719 -0.0390730694787 0.674820429355 
0.813976053286 0.353507593081 0.234816078679 1.02655061258 0.11561416254 0.436214897857 -0.393270201147 0.41912315525 0.458377841505 -0.629971363003 
-0.0880857121352 0.348029768101 0.87548309443 0.250537317873 0.294259673938 0.182566860945 -0.0790148650011 0.53860470513 0.833986302372 0.230364607054 
0.456559419191 1.54374365142 0.803613061183 0.82166431255 0.641297485676 0.846040948801 -1.95355348411 0.435452068456 1.09830999281 -0.727005030471 
-0.057715377122 0.525963353631 0.494219574255 0.735508891368 1.00626040153 1.15296464036 -1.14862629536 0.0226315575295 1.17204157242 0.536379358306 
0.0198680467108 0.518249654008 0.736625437168 0.179327643689 0.0413505366147 0.815688048588 -1.78873317756 -0.389343025754 1.11451951967 0.0941716058944 
-0.152590466315 -0.224918804275 -0.0491881522746 -0.733657067016 0.828697577674 1.13802837834 -0.705643746304 0.0210150075011 1.65539007499 0.721247594287 
-0.110881030575 0.659742176454 0.278716280515 1.52983641215 0.875117710002 0.174090418811 -1.123952221 0.228294282862 0.9951204317 0.51734639877 
0.499882400065 0.259230064881 0.360347045058 1.57872155457 1.15684959268 0.621925666309 -0.778356072215 0.283310633493 0.461083085675 -0.321637843078 
0.204911547948 0.7664569416 0.70023334797 0.62376706455 0.527796996037 1.51006526431 -0.685125410728 0.81224870249 0.78224750959 1.37514499924 
0.951589356145 0.78427928191 0.482600213834 1.54687587006 0.562275130131 0.608854128539 -0.661731580303 0.224042863648 1.06268601753 -0.705307641029 
1.1013861239 0.145224888431 0.735076206676 0.913676674116 0.18465956357 0.607352128307 -1.15370218573 -0.126251910949 1.17930438687 0.218702795189 
-0.305986866867 0.672527811686 -0.451149122033 0.978444678454 0.0291359469839 1.55552348232 -0.552856334285 -0.49241892631 1.24191065443 0.240578830142 
-0.231746768832 0.322780782315 0.620194410918 1.12003173407 -0.612782644757 1.03243483748 -0.499181758391 0.291480854924 0.932995282699 0.644136359871 
-0.0730761074553 1.24231400605 -0.32448553918 0.975883562734 0.394231681663 0.151899260933 -1.39646724 0.650405712781 0.840541880074 0.496203139847 
0.513198195798 0.180374254919 1.26849117636 0.962938754622 0.397758121923 0.539443153125 -0.896316711365 0.0313410038194 1.20298099432 0.865110959729 
0.129681879965 0.188251393208 1.28410614445 1.48822107785 0.116022029764 0.671939969912 -0.760014454873 -0.225687674943 1.32305757723 0.796349441839 
0.744680751963 0.193811114555 0.62911215777 1.23206194683 0.29844734613 0.389364872588 -0.962897970209 0.439724992833 1.0510566136 -0.403596949783 
-0.431909888696 0.864174394055 0.529143214967 0.12862952483 0.685402701758 1.23151293396 -0.913218222676 -0.0768545976121 1.04767787711 0.323229297447 
0.530270947154 0.843153476035 0.822116826871 0.919920790953 0.627629376904 0.682053551929 -0.578475169985 -0.636415527394 0.5161628972 0.792287185646 
1.23387507424 0.495103014432 -0.0467320522377 -0.283780659014 0.0312091856572 1.34886983005 -1.048310909 0.44997695028 0.553265230585 0.114490244795 
0.158542458403 0.553905138156 0.670872348328 1.31896646977 0.911228354483 0.605970277694 -1.73466672681 -0.230190834465 0.998823486418 -0.151685526898 
-0.0635039393912 -0.127176743199 0.648880936696 0.317637715424 0.493115635358 0.391664794996 -0.995007480189 0.051133635988 0.852219023966 0.226925782913 
-0.259993841906 -0.0268927385687 0.540155463448 0.493426673843 0.129460202756 0.591141135785 -1.25254578556 -0.919773332374 0.127845523157 0.391595743663 
-0.20575793245 -0.0108949086649 1.52189576793 0.476275620394 -0.09907577312 0.82066730022 -1.22653222352 -0.51407483231 1.11001455408 -0.0509949256343 
-0.138711538687 0.274609116547 0.629942152339 1.45820654314 0.587261954498 0.736827635521 -0.866999259165 -0.0165106777724 1.54405907129 0.117397181649 
0.417213419053 -0.0919784474641 1.44432656886 1.18081190816 -0.0702914342299 1.44300307433 -1.16278174514 -0.187693248522 0.543177327018 0.192666838149 
-0.441665325607 0.0535735407579 0.570100304033 1.09399661183 1.20886907397 0.952486792185 -1.31621365654 0.198257676238 0.758296250164 0.740713913762 
0.982068194182 0.47600942584 0.885724831206 0.25549795579 1.0661094895 0.908481646088 -1.5938399221 -0.0716624736413 0.758080403603 0.647084714429 
0.652356508065 0.180827662628 -0.47878860543 0.177797346774 -0.0145992344086 1.09021847257 -0.79073276875 -0.399284276606 1.50228041127 -0.581561552807 
-0.106390305921 0.355406224558 1.35587201677 0.476910868076 0.241035469783 0.82747466728 -0.473510016202 -0.476722114942 0.920512501308 -0.0309434560026 
0.851441677136 0.261773196994 -0.192885940468 0.468820784272 0.318321955548 0.986009220604 -0.952897271225 -0.343292419127 0.796878947592 0.0766111424321 
0.285875325157 0.475549400463 -0.296713422468 0.616605228347 0.373178194109 1.01964861221 -0.881419216964 0.675462002803 0.143764006091 1.23878048449 
0.0967614989649 -0.36953416393 0.547541413768 1.17855634805 0.53337684704 1.019146105 -1.1257483684 0.58540347956 1.17126713908 0.668177183806 
-0.174260596054 0.724087386229 1.23892682651 0.950640668021 0.65708292114 0.404972632443 -1.41195760727 -0.199466075127 1.01026034463 0.549321491301 
-0.05559881554 0.709510082769 1.25854921704 0.892194738106 0.116529526247 0.715914234833 -0.965305436165 0.527156395818 0.0207997964099 0.212877471539 
0.571335895553 0.820782265933 0.184355638049 1.54920616833 0.962989612052 1.05731814398 -0.9515331549 -0.736704014783 0.792649503039 0.0899476347362 
0.0761038805043 0.978921973274 1.13523345125 0.792703660429 0.13554793256 0.918017805041 -1.51741537143 -0.244239465888 0.92487623789 0.654128798851 
-0.283264432105 0.344538330041 -0.105258556403 0.878924964252 0.0775539835951 0.942143807315 -0.156322701417 -0.0477903671195 1.39353113131 -0.110520684167 
0.240112685732 1.29410816129 -0.023735075418 1.10071072298 0.625486900595 0.931627034902 -0.634504489909 -0.170903583771 1.54388867997 0.128705844863 
0.497839231831 0.227767554155 0.664061289174 1.91349349161 0.615403267662 0.987082534085 -1.56966234664 0.203345084909 0.706881474919 -0.0276779540016 
-0.300721096092 0.117462776589 0.123919420856 1.42358847766 0.41005332662 1.47886727715 -1.07847620239 -0.419538752529 0.756996790157 0.398800657453 
-0.92774289655 0.304152067957 0.320177178565 1.36039700581 0.793324077466 0.781508566209 -1.12505027895 0.995002973794 1.7197872173 0.465463964811 
-0.0447575637087 0.040173939675 0.0143017449431 1.30937927159 0.389084791942 0.835004882731 -0.771632749459 -0.197070363527 0.00622832874305 -0.726158569945 
0.655505963996 1.05428288128 1.06674618923 1.65647365727 0.729838444496 0.614458722279 -0.683083739503 -0.220890965447 0.777956287876 0.224437507673 
0.437261838781 0.623602463118 -0.133671158461 0.984156605018 0.3910684715 0.625288329197 -1.07437047331 -1.40541849791 0.875080968849 -0.0045708840771 
0.344871484517 0.618303204099 1.14690266056 0.713586184007 0.236218540486 1.59012743142 -0.933420045227 -0.614137767023 0.107459752226 0.303136355144 
0.174346622889 0.0720101830687 -0.538168034293 1.26149949475 0.708121007569 1.47239564303 -0.954243147599 -0.62488302799 2.12713301528 0.0872906231945 
0.876353411601 0.293784715807 0.848602226563 0.759587818204 0.0565915024427 -0.139031541529 -0.928158023622 -0.0649232916863 0.549191662857 1.17422057551 
0.182328462721 0.920192920389 0.515076562888 1.41704286168 0.415477847151 0.483941632003 -1.37922148655 -0.497475230353 1.30793132273 0.780930495297 
1.28883710779 0.36342863016 -0.103340243438 1.77797683257 0.866198760185 0.819421716629 -1.14996041381 -0.578669312217 0.395926446988 0.0473543169433 
0.584939396364 0.347271867649 0.644335884114 -0.130298814452 0.60945273743 0.376876414963 -0.925362253923 -0.238047224505 0.624059390761 0.299245052451 
1.22126189932 0.155728387021 0.415531193005 1.75422151473 0.574322979598 1.2357609791 -0.602440617161 0.180152939504 0.703719094998 0.112080298576 
0.217240416204 0.441000913197 1.08129003107 0.49161621942 -0.413284753648 1.03152015664 -1.13599695405 -0.685558207593 0.174106991667 -0.526073806453 
0.114770464213 0.774445042859 0.0117523320534 0.895943337181 0.986483908824 1.38376114125 -1.06189228283 -0.285669513661 0.155486824845 0.413161988858 
0.100214468115 0.463585296637 -0.0521326886238 0.602661208052 0.748472987491 1.16179587387 -1.10268292427 -0.137344943146 1.18831852138 0.666810944779 
1.07208212154 0.946303488917 0.479492330265 1.38899331386 0.731071018793 1.10237995566 -0.428338309289 -0.0397229356208 1.51023235787 -0.364271127434 
0.098347769963 0.560339647238 1.07736948229 0.832502654262 0.625073662325 1.41460432332 -1.39603696483 -0.0635486966499 0.877929700207 0.689822789597 
-0.187030566344 0.350309868411 1.0168944843 1.08630451336 0.308502969593 0.905612916186 -0.286982823557 -0.153452759256 0.473266652489 -0.0465951589333 
-0.232224831124 1.11064848646 0.410264604341 0.905035931736 0.650236834065 0.514293874667 -0.230011913719 -0.584900657568 1.08521679497 0.761365514777 
0.101004797243 0.534364873443 1.19493729915 0.715512743589 1.0294893361 1.1888518214 -1.23188676932 0.817570900732 0.266830849178 0.903505808691 
0.806033345153 0.376911170951 0.330307269359 0.477018649478 0.460290027099 0.881600514706 -0.511003564593 -0.264444416936 0.24272766371 0.0328083353893 
0.341398567409 1.16769362556 0.213439540128 0.945123891481 0.252995229698 1.80951302236 -0.648909923679 0.281746806637 0.45506383738 1.1497587185 
0.0386839136948 0.251607934582 0.27987659949 0.928413164002 0.621532366716 1.07422687617 -1.64057624855 -0.105628732623 0.705896160991 0.196763044252 
0.373471781644 0.393804315108 0.889525348346 0.469008275577 0.814464396545 0.471784238811 -0.820108907752 -0.63430793642 1.37792178511 -0.0677332948116 
-0.0490310873179 0.580934122679 0.64173391219 1.18023635664 0.932553277219 1.84137463706 -0.81549846485 0.0365683122686 1.07085974932 -0.0493553970085 
-0.0103887970292 0.224955302223 0.0101233506898 0.707173285476 0.603271368269 0.928646458579 -0.733197122713 -0.43124700892 0.873008774745 0.411288513548 
0.451975000932 0.0100935818642 0.949544075453 1.60344165392 0.767196362678 0.297359658011 -0.72481618637 0.297719911883 0.860309042587 -1.07522184413 
-0.0888967818492 0.792209263195 0.558143600163 0.935961449461 1.23567015356 0.213884650367 -1.34436452094 -0.356822790742 1.08810595442 0.571593646622 
-0.390556608918 0.281240728083 0.51090549364 1.2829412658 0.278796030154 1.09817458343 -0.966239974341 0.729376186789 1.67232110733 0.862738467934 
-0.0459574035891 0.687829270271 0.805386778647 1.16021934233 0.39518399219 0.72469973748 -1.16738132211 0.395465295287 0.70164463188 0.55288714885 
0.231391778153 -0.00256500650949 0.58888408245 0.743357749912 0.262873847644 0.15540288721 -1.50466183343 0.628052691861 0.444227027764 0.0685656499999 
0.563175262068 -0.0694601901403 0.00991199898238 0.583248731625 0.963155288065 -0.00460840401804 -1.29660058362 -0.309187747015 1.35082482399 -0.557070040367 
0.0462373554326 0.279944204638 0.619844544409 0.409619807633 -0.154218780739 0.322982277949 -1.57781052547 5.52840835663e-05 0.995079013724 0.955115745299 
-1.07179734903 0.375585607253 0.678485692884 1.25770746272 0.676040862123 1.05714162419 -1.51866837495 0.482561117475 1.59167087918 -0.0131421048842 
-0.381360363899 0.223875768068 -0.0311191266896 0.0774310839666 0.708289090735 0.919640661686 -0.741298007905 -0.00558484311041 1.2636970287 0.00333980875005 
0.231038276231 0.180408233265 -0.145400219222 1.27796071841 0.407841475128 1.26846734565 -0.511492168374 0.636950443045 1.02225810449 1.05305703484 
0.333766724484 0.826962171154 0.868143782318 1.65671490867 0.946127719481 0.438259579717 -1.07629212564 -0.0523865765254 0.252030911462 0.67626291699 
0.157986696346 0.820504290105 0.804606755921 1.22275667031 0.84753565066 0.589791170994 0.181192900985 -0.392073009407 1.13619027731 -0.357448220102 
0.454133147269 0.289094130465 0.616127442593 0.87103124064 0.553786274 0.165854732167 -0.938299719603 0.343145254123 1.40618300202 0.0699414077708 
0.552249458206 0.601413695929 0.539446008859 0.50072102477 0.672219350773 0.640347374194 -0.934675025977 -0.122515997991 1.6220104338 0.247906919405 
-0.101176157278 0.815795673094 0.842375495017 1.68682473716 -0.111331384195 1.10882975335 -0.801480939791 -0.310011230277 0.691765789835 0.0578474336759 
1.02424113267 0.631328550812 0.327749795658 1.00464552421 -0.831586497004 1.64599487071 -0.926879091595 0.0796624096222 1.45990441828 0.23472728345 
0.181144938729 -0.0158770225122 -0.179810318324 0.886638694938 0.7126774556 0.371350613851 -1.52406817256 -0.7194053747 0.344454564151 0.381889799005 
0.0636635221428 0.716268498196 0.895229083839 0.747180955514 0.962125210339 1.04843630254 -0.792034896619 -0.279461518306 1.04657308804 -0.499109056931 
0.143628057989 -0.00786133427137 0.231155223612 1.14759020286 -0.0178584375454 0.839503489682 -0.222288324681 -0.3502228727 0.6380164263 0.415237597852 
0.387885864798 -0.465226746478 0.733102105151 0.362423359709 0.633810124779 0.70532568461 -1.0621434685 -0.696446339699 0.743262796752 0.753344539094 
-0.0435343912619 0.716262596398 0.397634804832 1.5565709163 0.119718295458 1.80533978659 -1.22054357236 -0.416963397751 1.47194862 -0.519692736089 
0.549072797341 0.171446158578 0.0947194864692 0.373597152812 0.515733167083 1.48091259529 -1.64586234838 -0.484082262348 0.0444526732617 -0.0606013491033 
0.0551118125798 0.432702606295 0.583415170227 0.480616026676 -0.617149472892 0.639500208118 -0.111047312199 -0.704043149133 1.22397524938 0.349177864374 
0.427934551074 0.110305440702 1.12118209148 0.878541317389 0.392590702858 0.562429577454 -0.451793863533 0.205819577478 1.39847377317 0.832674828397 
-0.0668822110233 0.635091160508 0.455117687267 0.806475532016 1.16958633133 0.664570405591 -0.3140375439 0.542689226027 0.877476067103 -0.363119797859 
0.16205118357 0.501999377653 0.31372622907 0.612907381964 0.563189287975 1.58219885247 -0.117377708623 -0.227476197038 0.536356038611 -0.105495776942 
-0.314269487901 0.262289416986 1.17955689492 0.990579873267 0.053392094738 0.349227130707 -1.18123647517 -0.239973516612 0.738108446865 0.117691928863 
-0.059115819779 0.812948018512 0.68495917962 1.38064449062 -0.18513324004 1.67336498269 -0.914938319472 0.286351971459 0.377163868006 -0.296275871377 
0.0336072862135 0.415083449054 1.30265872543 0.805616916831 0.676663254908 1.04165433761 -1.03710156743 0.309313235633 0.419672586586 0.0250536563815 
0.843404003776 0.864422978394 1.6019853453 0.789866838037 -0.182324301763 0.999640082878 -1.05682333344 -0.653165893571 1.61147758264 -0.868129189359 
0.41671869376 0.963225714793 0.211128598602 0.853071572706 -0.563260539938 0.788273736839 -1.48787673768 0.210584808954 0.409771041544 0.00571762163023 
-0.677676033122 -0.016084006349 -0.41586437739 0.0668380850284 0.0350220019398 -0.930607521639 -0.513658735452 -0.503123988171 0.952995111313 0.35281347858 
-0.973333143688 -0.121721584988 -0.372597365548 0.150506106323 0.164837790175 -0.954165712097 -0.522814085129 -0.375676344264 0.828195679622 0.45435981204 
-0.75532935524 -0.0331398662549 -0.387186315937 0.0393167343562 0.0826812866695 -0.853276054154 -0.5682456141 -0.41533469071 0.860265308056 0.575106967281 
-0.571782470537 -0.202569630355 -0.45941194224 -0.157336340805 0.199461390487 -0.919182947335 -0.658296705627 -0.45035384219 0.674976298377 0.499048741121 
-0.816356696364 -0.0123644651565 -0.706296811005 0.0873377503369 0.349569742457 -1.11343059009 -0.624163329452 -0.409949228135 0.708885839483 0.378283898516 
-0.670407543777 0.156078051331 -0.548669481023 0.0231110887031 0.100035946686 -1.01503127191 -0.597500458811 -0.50804225057 0.86385528871 0.403933944257 
-0.754646255699 0.141440888322 -0.53802273254 0.0448289661758 0.124143095938 -0.920546957966 -0.554863641903 -0.657035329453 0.951448551717 0.59862175473 
-1.051622206 0.017588378024 -0.642839202983 0.242796125089 0.220812811895 -0.978602295243 -0.561279216298 -0.288898212026 0.710454339084 0.460054705992 
-0.59635493491 0.0864021998996 -0.29867627704 -0.0388685535861 0.347173235285 -0.804511607107 -0.646277954029 -0.484989027135 0.788335263692 0.411361889913 
-0.982413427616 -0.138283592443 -0.426791035719 -0.00795512507142 -0.179559501732 -1.07283842358 -0.67091559819 -0.484483602362 0.967058980059 0.619180734421 
-0.938978942305 -0.172550274691 -0.56037525232 0.156073223597 -0.0521631442718 -1.05612849039 -0.430603468721 -0.632491632797 0.972272958897 0.585735823482 
-0.744092840363 -0.184757804868 -0.645887245206 -0.00258237733012 0.216605653563 -1.03917882843 -0.692430937328 -0.457880405508 0.807150933934 0.560851241689 
-0.841464621677 0.0799829653035 -0.625703384876 0.0491548038458 0.240921547868 -1.16196797606 -0.45090062127 -0.514243704885 0.84737918331 0.303727721306 
-0.958044370001 0.123668361847 -0.708779333796 0.0951894095739 0.137320223047 -0.973976646011 -0.496355549502 -0.455236364881 0.749999007149 0.830485824622 
-0.777159793639 0.0264513883118 -0.617710394819 0.127597860972 0.126223160721 -1.24989737768 -0.524493630043 -0.353040965718 0.854067647098 0.474131351725 
-0.651594517549 0.0247092115016 -0.409891827112 0.154607722603 0.343037561201 -0.911027509047 -0.499740769064 -0.446033852403 0.678699393921 0.500212874315 
-0.968134772893 0.00731397996402 -0.41949953526 0.237798268106 0.149475972197 -0.807660224596 -0.663477423438 -0.51149012689 0.919412512871 0.607965466612 
-0.959064340242 0.227428584861 -0.59560076558 0.0377513013798 0.199794686838 -0.892351286641 -0.374203222385 -0.462135209414 0.954325874194 0.55493717759 
-0.85250174011 -0.168705533279 -0.806439620722 0.0290796954887 0.0198632921533 -0.911864167015 -0.477789025032 -0.60565146514 0.715312099141 0.404680824277 
-0.881581456003 -0.0618360399152 -0.361844861608 0.123876201782 0.228944788379 -1.15700364118 -0.366747120399 -0.483896773806 0.692333734836 0.530101765263 
-0.659355090051 0.110879068662 -0.360751741192 0.14896184182 0.190882608925 -0.909167791763 -0.700859583987 0.0234396421496 0.710638687999 0.405443945812 
-0.795845249463 -0.174825469042 -0.21985295108 -0.00660659486038 -0.0446687388717 -0.957369609795 -0.65341747341 -0.560152668016 0.738891876529 0.592927929348 
-1.0112163131 -0.188325410838 -0.407018112482 -0.0664182691447 0.157021805754 -0.736760862656 -0.734095983071 -0.346884512415 0.963814921621 0.501971701206 
-0.847085276993 -0.115932168514 -0.337081384092 0.00868829285006 0.0845523910777 -0.999267402665 -0.752906812708 -0.531809872317 0.861064867113 0.491294887086 
-0.867262493168 0.360502274619 -0.474759914725 -0.00192593145997 0.0505336804734 -1.18689009714 -0.539100902322 -0.345402472224 0.970477682392 0.528453110212 
-0.67670430406 0.0211825475966 -0.353338272043 0.129602261616 0.112035655606 -0.920427657988 -0.458334333039 -0.482211295579 0.861668249384 0.457007067111 
-0.598234923265 -0.0104912011309 -0.527328464235 0.0115288094814 0.221433154139 -0.835318228726 -0.416840451431 -0.467054597803 0.939094548353 0.786807516842 
-0.866391046158 -0.0569849108059 -0.483416361449 -0.146280865281 0.0840487896596 -0.851584147662 -0.399136240802 -0.501776110734 0.724067229933 0.236855243972 
-0.591194591143 0.118003594238 -0.674665203543 0.0132881014914 0.175288770543 -0.951745269379 -0.694778960478 -0.483038470434 0.885831751476 0.516997832624 
-0.510546216288 -0.00899747575077 -0.449463087191 -0.0496465567385 0.194114187501 -1.28645038141 -0.678149188787 -0.342091127754 0.867009483064 0.391680736623 
-0.820190653591 -0.16695370115 -0.28025558925 0.0553908277309 0.348112047164 -0.839845488975 -0.648030115667 -0.645209725941 0.475657342116 0.330476275644 
-0.635498613134 -0.198919772942 -0.562351629157 0.288323975187 0.0889526052372 -1.03621833743 -0.390849444142 -0.587778017055 0.729692971749 0.698352775492 
-0.779577938918 0.0319343883199 -0.487384807212 0.073962841616 0.11188738146 -0.948688400449 -0.441878720366 -0.405254866677 0.909065884314 0.41831658316 
-0.896831889719 -0.11455290045 -0.736542425856 -0.0090820619741 -0.201976117425 -0.744575078326 -0.563792262183 -0.384590529323 0.768345445441 0.446105753 
-0.903430403595 0.0675918071301 -0.554315603782 0.0362826289714 0.112645247813 -0.894021988842 -0.605112905476 -0.300044501931 0.938860161143 0.556514467096 
-1.04288707225 -0.0185869454804 -0.646343282438 0.140841390836 0.103875297992 -0.947011946481 -0.554965705774 -0.415200760875 0.955151105624 0.584976630278 
-0.745798898721 -0.107057015123 -0.628290903835 0.27476744849 0.10560951485 -1.13652035698 -0.600822103315 -0.506703087234 0.702667738688 0.666190821466 
-1.04194254399 -0.185122009686 -0.699569464389 0.0604615090765 0.112303052356 -0.89181682644 -0.489033954249 -0.621468576521 0.822287439383 0.513232182784 
-0.855752228398 0.00522242122715 -0.562249654573 0.131492446857 0.239977180633 -0.902349842915 -0.68752116697 -0.47519474403 0.701210551282 0.769771296931 
-0.830858822071 -0.0441434804287 -0.611459540382 0.0630506841542 0.121256568246 -0.981234763555 -0.462653223197 -0.404165199487 0.949339443941 0.629671155915 
-0.768427923996 -0.179981522835 -0.488071154703 0.0307658670138 -0.0230808527977 -0.671035413773 -0.419406553808 -0.818614299 1.00454515553 0.519956277382 
-0.632142694465 -0.0930957572405 -0.417635387878 0.021570141774 0.122779051158 -1.14374322497 -0.654150689334 -0.606258572816 0.636992354046 0.364695918491 
-0.630505376484 -0.11552701628 -0.466292414339 0.153791934305 0.211279680804 -0.852069798344 -0.611001046143 -0.326797888001 0.783660328439 0.766378442039 
-0.489108255766 -0.275720093941 -0.515329613463 0.070191700068 0.423699906634 -1.02473185503 -0.392587571303 -0.32642999114 0.565145516556 0.422207763777 
-0.601365367274 -0.0271816715019 -0.413749562186 -0.038094284477 -0.0400883800582 -1.1412328184 -0.706311523295 -0.451227013714 0.699026307666 0.661508347037 
-0.759229735711 -0.133027474007 -0.457953571569 0.21336881325 0.269620842007 -0.913784250097 -0.458635253391 -0.506411503369 1.01389444466 0.607505814781 
-0.981375948397 -0.157351502726 -0.429863789129 0.163823495367 -0.0347288554598 -1.0271454234 -0.531782049132 -0.39690507661 0.813267317534 0.416355285809 
-0.747571634379 0.0119977792897 -0.466464321607 0.349673121538 0.209705095191 -1.29526363781 -0.686979917021 -0.433822504213 1.06558015969 0.667313331041 
-0.556913505471 0.0274166960261 -0.518251958337 0.303446701117 0.209047286368 -1.09416352536 -0.645444056112 -0.298556604602 0.997481613161 0.388944756762 
-1.0526984229 -0.00248463648851 -0.460674452513 0.113178487122 0.105877067957 -0.843204158284 -0.454176250683 -0.479687091562 0.991144112032 0.409199423312 
-0.761306936548 -0.0764637469433 -0.682555785512 -0.0878828418955 0.0915865587947 -1.00315590411 -0.603410028114 -0.387036873004 0.828294298763 0.687042261105 
-0.753059080006 -0.0404050864257 -0.526010734709 0.25129135452 0.210034931629 -1.06827668056 -0.49727484511 -0.41781004304 0.933129174022 0.394322601377 
-0.814418228432 -0.207752524271 -0.502034614792 0.112856761932 0.143235513469 -0.922719276156 -0.718457619737 -0.339156828965 0.860506016697 0.55580007206 
-0.574885558475 -0.0402815767831 -0.531773850071 0.0256894926359 0.168678555543 -1.0672835208 -0.486340277101 -0.800102621504 0.832896743561 0.494668685562 
-0.765646133201 0.0342707799586 -0.53992730989 0.0827014888085 0.156538881023 -0.934578862864 -0.559064276986 -0.583595647615 1.02243630256 0.573497652271 
-0.682461759032 0.0601321185387 -0.466098667422 0.118283181682 0.146780936315 -0.867911306501 -0.466343665455 -0.543565251317 0.943384019238 0.581998716076 
-0.836987039794 -0.216709109785 -0.442131730731 0.186273353617 0.145087454346 -1.05185556001 -0.596224252254 -0.411341072535 0.826159657721 0.46725333819 
-0.622528241977 -0.155306982386 -0.64013174197 0.156708240872 0.057050369768 -1.03803145011 -0.413745427044 -0.457535980877 0.74678696059 0.416551062666 
-0.715519030858 -0.0882437070081 -0.528889504823 0.287669449483 0.0943441562937 -0.988814744016 -0.536877615436 -0.581140717239 0.885687716088 0.235692673045 
-0.74395432697 -0.000290690536205 -0.506331139544 0.0755446674981 0.0674199607418 -0.98623059525 -0.603223819687 -0.271689797468 0.863108843382 0.518979599276 
-0.703368415069 0.129974566602 -0.5137020678 0.0500724484987 0.177546891581 -0.868496517984 -0.461913000518 -0.410183219299 1.15262139198 0.547840038655 
-0.736654829297 -0.0698286937797 -0.62586435627 0.330032153237 0.0751124750659 -0.985107838875 -0.750761701341 -0.421934458645 0.928362611173 0.674377858212 
-0.62326866623 0.0617369446912 -0.465441709759 0.0705308396369 0.130792282944 -0.824640460522 -0.565058238079 -0.451630335389 0.764901905622 0.357107924042 
-0.692094562703 -0.0535893395178 -0.514425804121 0.124849650237 0.115925363569 -0.897426574221 -0.45764473505 -0.526665706003 0.86133153062 0.543033154817 
-0.928979649421 -0.143074285511 -0.434256294152 0.00143720073623 -0.134309552681 -1.11359883607 -0.368337709023 -0.387905450173 0.695195625717 0.536815658109 
-0.963638519324 0.150839977446 -0.375002709236 0.184848762286 0.195842336601 -0.858728755745 -0.478990097132 -0.677226065245 1.06646213678 0.179748341128 
-0.876651186382 -0.179701114576 -0.63275466724 0.0723079123564 0.142830174405 -0.896537837634 -0.655639765354 -0.369133233261 0.942302616868 0.491111480601 
-0.812191872727 0.00689290626658 -0.527109075294 0.113830344855 0.095290053744 -0.846042598523 -0.595666901534 -0.658372593598 0.789271886422 0.29043337947 
-0.89063929815 0.0504658644468 -0.506283414433 -0.145700001271 0.0164025719644 -0.996316542165 -0.495072192304 -0.518485660548 0.918157120809 0.605215986798 
-0.608234020498 0.0457358753341 -0.364502336477 -0.00134362857949 0.0804702462879 -1.0288708476 -0.589689837809 -0.270177958412 0.908630327961 0.571684022939 
-0.839111539139 0.0187524028519 -0.610060549855 0.0424213789913 0.154704199564 -1.02008612245 -0.500321990195 -0.66255356327 0.704108590582 0.442710554811 
-0.876923748583 0.0909819098947 -0.597842684521 0.117575197443 0.091014667188 -1.10227275555 -0.623379986739 -0.350875982471 0.889189412964 0.547058793603 
-0.979888590471 -0.0366716647686 -0.280027795193 -0.222324334779 0.0363103586301 -1.03221301517 -0.4948159856 -0.471295870441 0.859618819549 0.574094972572 
-0.882491660015 0.250489581261 -0.490268548844 0.0766554424172 0.202002465437 -0.758643448782 -0.595055029993 -0.551683804227 0.637721632334 0.672815113402 
-0.668805967888 -0.147389548146 -0.635636676129 -0.150884957492 0.136286988682 -0.919922106498 -0.575257237035 -0.369205006292 0.782986646587 0.712191999713 
-0.780216841712 0.0516623561233 -0.43931868267 -0.211920648839 0.216264987595 -0.717921064377 -0.592626682829 -0.508647489294 0.94439768938 0.843602767001 
-0.575719030489 -0.120443778962 -0.490591814996 -0.0361897539789 0.173472553414 -0.977121082076 -0.536761418711 -0.274079693777 0.912391878722 0.695603878034 
-0.813228908138 0.037998857493 -0.409227695424 0.0192872600963 0.0599419735675 -0.981451979692 -0.716736025126 -0.383268299133 0.939284760175 0.550634389605 
-0.86668200003 -0.382862389774 -0.548538192595 -0.0466326712894 0.113205311981 -1.15054644178 -0.508868762173 -0.428297160389 0.912512712274 0.512253652515 
-0.711862125455 -0.11667507223 -0.432878773634 0.0852866853825 -0.0550546786516 -0.88939668238 -0.453862655385 -0.372674584527 0.824789565769 0.711045786476 
-0.823384388983 -0.108087908274 -0.668816954237 0.218079214674 0.103197297213 -1.01426151263 -0.769936149796 -0.489675972002 0.869794285144 0.59441616536 
-0.785915719356 -0.22142273509 -0.328625866242 -0.187355426975 0.452055456305 -0.872172984301 -0.645037982181 -0.449081468017 0.960146325127 0.408384674063 
-0.979469908618 -0.187794801423 -0.459739866834 0.0709603929747 -0.0574244149713 -1.03396797517 -0.588526503912 -0.342668003054 0.877178681307 0.58723004638 
-0.741130710843 -0.0856863740142 -0.507685766688 -0.0883187339532 0.216184241356 -0.976252846211 -0.5003584591 -0.484590843096 1.00597531455 0.553451331943 
-0.752358346011 -0.187844668328 -0.425633411546 0.124987285415 0.347119804158 -0.882006392011 -0.567872864175 -0.418500924106 0.735089337208 0.590176444563 
-0.697467724219 -0.0217456423761 -0.526222610449 0.0855655866311 0.298430666682 -1.17897802882 -0.661478755182 -0.511168447241 0.646232157879 0.404031667133 
-0.979329162663 -0.17748028312 -0.312631157883 -0.0322343083159 -0.0226354554593 -0.939469054623 -0.715092513474 -0.386558433 0.727173859085 0.522781078643 
-1.01911015786 -0.165536312463 -0.271743626208 0.0792138742905 0.164235636733 -1.21127477852 -0.400196198697 -0.61186978934 0.562833567962 0.606397611329 
-0.980569687165 -0.229415523852 -0.527817318654 0.201024448948 0.0894456138716 -1.1250762453 -0.548095322696 -0.467514115585 0.819210173341 0.333446575745 
-0.904177902148 0.102758075099 -0.606454943115 0.0254040798168 0.150503659049 -1.132107133 -0.403556041244 -0.475072051737 0.717688376699 0.60944270592 
-0.918434231985 0.111082115434 -0.605763825704 0.00876770316177 0.0916499652852 -0.910412020127 -0.283673750341 -0.358737714342 0.794940391508 0.61775254742 
-0.387049579511 -0.1723809005 -0.499819796925 0.0419876979465 0.190001264179 -0.774024048747 -0.7351732531 -0.391789215614 1.01214511794 0.359431420093 
-0.856588553021 -0.0836209402465 -0.491101836605 0.0376041767205 0.249772407017 -0.813796390546 -0.600885443883 -0.394288960023 0.85391290799 0.467626427855 
-0.83739587761 -0.156223378168 -0.403617163092 0.246759618086 0.0806760798752 -0.848154511755 -0.385582256494 -0.257626565984 0.787868788383 0.755831738733 
-0.7586179025 -0.0692981509322 -0.697134104363 0.0400851027197 0.200330011688 -1.00024574852 -0.563508890089 -0.651675867975 0.916468583059 0.518315387489 
-0.782089526159 -0.167164973188 -0.458522100503 0.0713846653467 0.175277392582 -1.08366273147 -0.456263382824 -0.470549209733 1.02550066206 0.405112926595 
-0.603618880454 -0.150202655305 -0.635876971967 0.0376218541539 0.1597306043 -0.942720227493 -0.747879550649 -0.278647956006 0.701003956298 0.435169853996 
-0.655016258984 -0.0106358909415 -0.624198825659 -0.0385769919462 0.115804624391 -1.09396297641 -0.702082976625 -0.310878650861 0.9349876637 0.508664168248 
-0.600313870907 0.0645512666524 -0.467401130971 -0.0702274873759 -0.160653754592 -0.810608572452 -0.577668244765 -0.656231414026 0.848349819273 0.51618030767 
-0.793014476034 -0.183316178118 -0.553493454925 0.0175893146671 0.0642153213275 -1.06489672325 -0.616881450823 -0.296686420252 0.881283387052 0.567962225635 
0.324802687248 -0.62597136604 0.0889073180596 -0.95752758636 -1.05840188268 0.879986128778 -0.577172091613 -0.764636431183 1.02043382696 0.939772829111 
0.688506519755 -0.912856625328 0.385549705552 -0.270310891088 -0.788265914107 0.904237099223 -0.589627415404 -0.505673172766 0.63384778462 0.748942771397 
0.466568242324 -0.643204033195 0.0855081865045 -0.855955451429 -1.00446226076 0.730781224715 -0.5553363731 -0.456765160646 1.08219160106 0.454889528651 
0.447537731471 -0.64099669307 0.106940096879 -0.862653877064 -1.24576442677 0.87958395714 -0.818478770407 -0.683700414566 0.959369025968 0.809792021795 
0.849033096298 -0.790977495438 0.262646336897 -0.927862789359 -0.935649717893 0.463350896197 -0.661676906425 -0.319153196523 0.750965144963 0.798559517218 
0.672546060152 -0.620568554871 0.230634936015 -0.909614319853 -0.859202178314 0.875433384531 -0.599161540012 -0.511281357062 0.662625666015 0.653545054423 
0.440787947627 -0.80163616813 0.436171959411 -0.630854445457 -1.03415738817 0.966188007424 -0.576566432074 -0.217358925057 1.0660616891 0.226779351332 
0.689640555728 -0.237206232559 0.19123762194 -0.630051991184 -1.11034461308 0.813960469787 -0.756476983719 -0.524370576358 0.756720392422 0.750095628073 
0.705533789079 -0.701639309215 0.056800816188 -0.612996711593 -1.07663492513 0.399258720731 -0.711029072411 -0.700020524885 0.677612249411 0.637047860914 
0.319461256134 -0.789859282589 0.225201739799 -0.674512813923 -1.21729675298 0.667897712512 -0.434586572177 -0.523058943471 0.889412068147 0.850831225533 
0.557962959002 -0.578502194457 0.425107819314 -0.826483241125 -1.16860199954 0.690553438101 -0.227692825799 -0.518513729779 0.931943189776 0.949838943433 
0.415812714606 -0.745695579229 0.623456946511 -0.768064137073 -0.811555259271 0.70744330307 -0.563732339443 -0.469752617307 0.86014186821 0.679658295684 
0.592233181235 -0.634528391229 0.44986582396 -0.73774999054 -0.817590655441 0.578706943576 -0.516689865298 -0.590990039745 0.95202616655 0.485153837731 
0.424299263169 -0.731345487703 0.0286219382212 -0.420868559381 -0.77500221719 0.614717743404 -0.336796043263 -0.434671394098 0.720728713255 0.704598429242 
0.856238632689 -0.939043159113 0.148816238386 -1.09386672764 -0.95276373009 0.57495946443 -0.381464884292 -0.764078537975 0.817831313181 0.65178031481 
0.494002990343 -0.565305767819 -0.136072732339 -1.04344039536 -1.26549567296 0.622341893572 -0.631761205431 -0.674303002677 0.929790966112 0.602195718925 
0.542641233124 -0.873285336275 0.250579105445 -0.397503284736 -1.14066888675 0.724901902331 -0.557205855923 -0.408541232941 1.10541737829 0.431830426806 
0.498382497848 -0.662108920322 0.0394380856771 -0.804196288347 -1.29477227068 0.31257723353 -0.690194585229 -0.605837629762 1.04456550416 0.741063902811 
0.787632725674 -0.872070819634 0.367913221709 -0.768164958036 -1.05751695093 0.736633201723 -0.474155867099 -0.487936369113 1.09110410357 0.66854648439 
0.568292018352 -0.793118180551 0.189892298249 -0.776533088653 -0.945268108672 0.487058537148 -0.385667805593 -0.638002151383 0.881899841469 0.734530541644 
0.73387492824 -0.770922467895 0.185802513212 -0.916927226808 -1.35923845502 1.05207705368 -0.608522199043 -0.594336250556 0.710583131343 0.713632369506 
0.481121842329 -0.605379620367 0.266276273185 -0.826020907429 -0.800994668434 0.528554657739 -0.747286127325 -0.395383841019 1.08037185893 0.852973603223 
0.488043970173 -0.695637114938 0.365406052199 -0.87094584779 -0.945745414146 0.969881522532 -0.436765177226 -0.965177520141 1.08199979812 0.650112420063 
0.389671676492 -0.825796106817 0.596014174295 -0.934378274313 -0.919542618999 0.810246885866 -0.360215865613 -0.268257130195 1.28301899309 0.682697663103 
0.331178409982 -0.427781621864 0.134164848675 -0.893604568364 -0.81175987118 0.608810525449 -0.542059420163 -0.567475927496 1.21063569886 0.936334289373 
0.700808240692 -0.918940425436 0.360970190353 -0.517662424778 -1.02522307603 0.617941557051 -0.650137767753 -0.353601023918 1.07915461473 0.623436285757 
0.375057610622 -0.662223937677 0.0301478714977 -0.726228472818 -1.07999175149 0.79181581519 -0.972961467533 -0.359575739924 0.80313619696 0.580052434283 
0.599594853614 -0.890691525869 0.256507216796 -0.561685681523 -1.05036207993 0.905011866341 -0.48243169677 -0.965092531098 1.06240804671 0.930802219132 
0.518044881582 -0.940203095823 0.192168542666 -0.677570342923 -0.680040273521 0.719964207357 -0.609206706169 -0.731825063985 1.04185913704 0.632497805357 
0.340479566566 -0.752719116062 -0.0835460967807 -0.878186493183 -1.30274555222 0.754343300314 -0.474119408757 -0.378645405675 1.1496900895 0.597447658709 
0.692241240221 -0.614682413702 0.342248324475 -1.02584396076 -1.23882589646 0.717937710817 -0.902300068851 -0.490151492625 1.08579110736 0.630264143324 
0.711288331668 -0.82961177606 0.489600707544 -0.847525480095 -1.09275619726 1.24838708503 -0.719535381386 -0.608523155083 1.34373450185 0.676353843482 
0.383254993025 -0.977561605637 0.0601085299247 -0.746034821367 -0.922459128748 0.774377778373 -0.442981136744 -0.623427149532 0.858812620904 0.53867896037 
0.349963554347 -0.620349648276 0.23745694098 -0.726768179557 -1.10779314482 0.688134354159 -0.399587114168 -0.706515305152 0.890850963497 0.619182254928 
0.414561861351 -0.940622333714 0.5487355714 -0.872101637594 -1.31490778682 0.832164659634 -0.501203176069 -0.602585844729 0.967868874658 0.831884460648 
0.385739343373 -0.611861365154 0.151666650415 -1.00812113048 -1.03509515443 0.761766951825 -0.744710637314 -0.717264933871 1.41913668675 0.617551870337 
0.469483935599 -0.729374015461 0.224899061623 -0.704501695534 -1.07638272166 0.69725573455 -0.418628524017 -0.373083698858 1.07960085691 0.77221033269 
0.505408193636 -0.899288635708 0.204639635864 -0.61113198248 -1.10249315278 0.785329236383 -0.767496427846 -0.578993782717 0.790536423893 1.11711556424 
0.597230591664 -0.610528743814 0.106112386784 -0.761140668468 -1.31419547517 0.815610858952 -0.73931814665 -0.730273031346 0.934892668916 0.862330047982 
0.727963987049 -0.595965298723 0.218446124923 -0.718830827255 -1.01684762916 0.740257564983 -0.374875530623 -0.778349196228 0.857900732917 0.963037068199 
0.689705000651 -0.712010266233 0.175062963873 -0.607776824738 -1.02377051589 0.912432622827 -0.539119483708 -0.407778985954 1.11628817737 0.962549660934 
0.534940723477 -0.449994566715 0.537638155471 -0.817830995048 -1.02457563122 1.02325775926 -0.611354558745 -0.435917494571 0.927248523923 0.408862894055 
0.705706869734 -0.570832254556 0.370398141158 -0.528901778292 -0.824952490943 0.878840388025 -0.585749077437 -0.115160976993 1.04764017615 0.603687526266 
0.705806060693 -0.451985638824 0.012350762767 -0.839628137284 -1.19636762424 0.446544296301 -0.494359630454 -0.313618304377 0.998632128221 0.654620683556 
0.651680814827 -0.773939633574 0.0535382357532 -0.715161837834 -0.929665856275 0.907611734222 -0.491719527791 -0.504151398833 1.11396808319 0.90855793259 
0.779190861293 -0.571488802122 0.41286775061 -0.322251200462 -0.85548267683 0.850315524039 -0.659100258088 -0.123049979285 0.901967014766 0.620379852205 
0.626767234306 -0.732489093436 0.230295438984 -0.616103822122 -1.1020291635 0.350433517806 -0.702921488229 -0.396574223967 0.927385064554 0.825106430432 
0.744882090366 -0.576374839824 0.503914513577 -0.722023445261 -1.01076204402 0.472023325074 -0.525916208682 -0.597337796571 0.768062094961 1.05016764384 
0.447404761516 -0.897368129189 0.137562166993 -1.01369940476 -0.977606580829 0.795452170775 -0.68177443728 -0.525848462565 1.12446298443 0.763419210258 
0.597385075315 -0.709016426953 0.303539508772 -0.881258678618 -1.06733080616 0.998545043007 -0.487088334757 -0.553771452013 0.886512056356 0.378472356438 
0.699301132184 -0.827271195398 0.216825232132 -0.711091087162 -1.32886455455 0.788844177315 -0.565236752056 -0.434815327832 0.954206297879 0.746280531174 
0.401825594238 -0.808605531178 0.308193538821 -0.705664155051 -0.898864693475 0.675386173074 -0.79648154681 -0.440171781929 0.929616960797 0.696233435696 
1.04177880221 -0.872599794555 0.40700175785 -0.540488349108 -0.957285487591 0.677626176038 -0.889678541958 -0.656736389726 0.822581312482 0.734492517058 
0.622237533103 -0.929337191636 0.182334335235 -0.675365296021 -1.18487140968 0.712449424297 -0.557681399114 -0.388143191996 1.06064763335 0.667368788773 
0.425468400312 -0.480366530925 0.324911586775 -0.558170080953 -0.882626966224 0.583055970679 -0.343832030959 -0.842506081962 1.01952156643 1.02250431732 
0.371906988071 -0.910217071394 0.400393411141 -0.844907787202 -0.8371667481 0.717622805112 -0.593643733398 -0.300374632234 0.892607602263 0.759691420491 
0.58933769205 -0.924093341979 0.134348428892 -0.555666695656 -0.801581150208 0.432104233771 -0.564122074026 -0.69191665377 0.89211564115 0.827839266643 
0.236654560926 -0.78950910686 0.412837198348 -0.511417125461 -0.648628101233 0.540842160425 -0.705771723533 -0.418162913172 1.02428058833 1.07345528721 
0.62378978124 -0.58055702007 0.133362534169 -0.592656374302 -1.20687350453 0.862664029738 -0.521675174852 -0.265794124387 0.897584348804 0.423419108835 
0.389241479413 -0.449023810556 0.540296390617 -0.585451769151 -0.625045770738 0.984247632923 -0.501495676331 -0.512103852663 1.0058770955 0.637758378896 
0.38861147654 -0.34406655946 0.272890788407 -0.516694188725 -1.11377258577 0.821107605819 -0.443569591666 -0.513253884811 0.911582057532 0.697630253261 
0.558588147776 -0.98600725834 0.265971231839 -0.799974316486 -1.17256297568 0.649421068754 -0.485285459376 -0.760633008317 0.9635912078 0.701401177387 
0.570595105827 -0.910159343367 0.276441254952 -0.348975278005 -0.907156715694 1.20696283667 -0.490437931444 -0.67204242433 1.09378066795 0.615622556674 
0.327430603822 -0.854890475059 0.0488572520243 -0.58055687578 -0.79993078921 0.841954711391 -0.419403836685 -1.01892537027 0.817829102559 0.947498441999 
0.859856548994 -0.723248142599 0.18855057655 -0.945010553038 -0.937308565692 0.760271518266 -0.578063818528 -0.599414849441 1.18997942289 1.06217741849 
0.759073737356 -0.860254539154 -0.0550025925114 -1.03446386716 -0.999756873486 0.735187974367 -0.611890803001 -0.464796399442 1.09859114684 0.82683677827 
0.665831236781 -0.533633969199 0.113437195378 -0.835527934851 -0.893475517237 0.764821576633 -0.771960577633 -0.476788617624 0.928553015415 0.725098766455 
0.300751401933 -0.863154488426 0.247030501884 -0.675619041829 -1.26544734146 1.01502669478 -0.648896862062 -0.538698650615 1.00749061797 0.595836979077 
0.721431982284 -0.818458722679 0.449324338685 -0.999611176832 -0.794252843698 0.800556106591 -0.459657424441 -1.05785590967 0.958665090447 0.796947327149 
0.710007176859 -0.703625461297 0.3495076797 -0.570997448831 -1.1412513954 0.774902467626 -0.335643443802 -0.867354526167 1.20487867677 0.521591595642 
0.739608427779 -0.590304551681 0.454029336079 -0.518673895934 -1.11007023843 0.866927602502 -0.332198585731 -0.559566074672 0.637216340139 1.02092754245 
0.597647069618 -0.825870032278 0.151649038908 -0.925431600176 -0.766588426183 0.880257166767 -0.636147680035 -0.624412963675 1.05292998914 1.10825844013 
0.540865335035 -0.803553386548 -0.0355407152643 -0.809287709286 -1.32268770874 0.793138734415 -0.464049984075 -0.708448034395 0.84365896017 0.457355391686 
1.00909737894 -0.309991037777 0.0242088210658 -0.799235108572 -0.994909049104 0.480789625137 -0.232714043548 -0.641524214759 0.912433064983 0.413897472691 
0.378527040758 -0.884706556256 0.299051079759 -0.351585958049 -0.898142225436 0.692251838418 -0.366520107967 -0.7129731206 1.21580134537 0.772021313714 
0.659764794931 -0.266909351936 0.0650859723897 -0.884705796373 -1.31274641425 1.07153618538 -0.279768566236 -0.796713170946 0.808254231968 0.685441371579 
0.886290601321 -0.930391613644 0.370174157356 -0.751391080379 -1.10993462368 0.935479505783 -0.485242469489 -0.308012831599 0.906107479847 1.0391071951 
0.478766763258 -0.716379233064 -0.0299481617611 -0.849376710691 -0.942744200312 0.821638508516 -0.798998409151 -0.813251119653 0.962796023092 0.961164630437 
0.333468588948 -0.709925079964 0.434427776532 -0.740485557333 -1.12605594157 0.654543525687 -0.952510109663 -0.707622173878 1.20442179994 0.668311961029 
0.872162664362 -0.542822695834 0.384488464051 -0.905938231348 -0.873145338912 1.23352270261 -0.770702227597 -0.485825431457 1.07229803846 0.873674931017 
0.83370837557 -0.675113476459 0.429276733502 -0.630072294039 -1.36674726141 0.598423812397 -0.860455841706 -0.623829399353 0.915814394489 1.05021628487 
0.601098539071 -0.690811185319 0.0393202226897 -0.79711959958 -0.957257938684 0.558944446559 -0.474437130278 -0.650756377709 0.875088146494 0.774867871733 
0.652494777666 -0.886282951787 0.0473332536639 -0.635728446485 -0.975035279048 0.796167192248 -0.724373989354 -1.04958327554 0.967743377424 0.446197172954 
0.79538688876 -0.506316041555 0.395773750055 -0.944733596575 -0.905859408865 0.741554090064 -0.720804592413 -0.849339313691 1.06840557706 0.573761581186 
0.970297430855 -0.95587026323 0.351533380534 -0.89349373692 -1.06699056896 0.917458573293 -0.496366364374 -0.912346063459 0.961562849742 1.04141021811 
0.548180424238 -0.474220986912 0.218483983895 -0.633837772775 -0.969606544277 0.509704004373 -0.525978437926 -1.01622593735 1.14131020409 0.440759071254 
0.796694461741 -0.815420565837 0.392342114326 -0.646294261063 -1.35513950036 0.803619508145 -0.502227836182 -0.740273532835 1.22424441546 1.0627038337 
0.912567327621 -0.709135173679 0.443768641094 -0.793923191262 -0.952148565714 1.13898608849 -0.4735687376 -0.569388297211 0.990070531983 0.546454832128 
0.544897838288 -0.667180389807 0.306057699027 -0.392170773191 -0.746346507486 0.326284815313 -0.511987243578 -0.911599698939 0.761366788452 0.759368204338 
0.585787118795 -0.925804443773 0.351469566152 -0.869098887302 -1.17488282361 0.796164380076 -0.995895787345 -0.492312135666 1.00065555815 0.737619644414 
0.452788442624 -0.283259065379 0.225032365248 -0.738183052385 -0.848421239148 0.753222244136 -0.470239742031 -0.622381224198 0.701425500453 0.71719166084 
0.631168382738 -0.780381601086 0.33994693023 -0.398516329562 -1.14921405056 0.934922831673 -0.508996061644 -0.45822479682 1.09617452013 0.523724698744 
0.422062613873 -0.648521068485 0.0439842592892 -0.824367409837 -0.921925931101 0.819128020015 -0.793168864141 -0.577086800005 0.928251852849 0.828125443004 
0.725261195369 -0.881065741066 0.362046149578 -0.506578420635 -0.863139384652 1.25949700835 -0.517788079312 -0.711449427837 1.02161389254 0.915798331935 
0.560313292024 -0.338093836878 0.122261065434 -0.685219642144 -1.0007330958 0.462140088712 -0.400570265611 -0.215238642682 1.17802931837 0.644656110722 
0.628650448287 -0.648516166366 0.271884133467 -0.682885882123 -1.05749757188 0.857965116138 -0.585485170541 -0.32362085411 0.759656538134 0.817566240825 
0.633865177164 -0.698418982701 0.131355790021 -0.840415356326 -1.17543146042 0.885841842186 -0.553238177767 -0.763717752398 0.785673764002 0.467987567225 
0.831672003511 -0.55005816556 0.413646760717 -1.0421039158 -0.99579135249 0.941871722582 -0.590177141274 -0.991021751004 1.04859629129 0.992794185986 
0.355255457095 -0.602742664023 0.0198609268983 -0.822420910646 -0.841677572399 0.662392586425 -0.472677088796 -0.635413305303 1.2538370456 0.565232177115 
0.657295714882 -0.820616025216 0.0930670529163 -0.691286283713 -1.14431057228 0.855524635831 -0.692142153181 -0.632499249616 0.659433349724 0.389496123113 
0.957659109152 0.0138049211151 0.416259093863 -0.649265182988 0.8419298151 0.387564518972 0.74075227634 0.70914034072 -0.343614853848 -0.282536795485 
0.888646402733 0.212482425802 0.101357487557 -0.527732989292 0.776540944774 0.379094377946 0.853586694848 0.763737021226 -0.26731321123 -0.244402472388 
0.799426638494 0.188199168717 0.298311074299 -0.654974523058 0.869986694557 0.296312332498 0.905000743354 0.764693446952 -0.568757337633 -0.249519643336 
0.936301653203 0.0711819473994 0.394017835798 -0.659641428614 0.771561914765 0.297520553392 0.761132336535 0.716968537437 -0.52670669311 -0.102230197437 
0.829211129724 -0.0740580087094 0.366323210898 -0.795934070379 0.723899788463 0.120350378983 0.858840877725 0.81901469302 -0.503481101075 -0.397528907498 
0.742398088338 0.204549130227 0.379414992371 -0.60680646416 0.817195895746 0.412744885917 1.02446705614 0.920585547807 -0.36252500751 -0.34361512514 
0.906033172141 0.0779853299375 0.544512632351 -0.574581900823 0.865379689828 0.59028024062 1.08132096885 0.708363999552 -0.39126009366 -0.403481769936 
0.877696291872 -0.0259103484598 0.367975274264 -0.54880957598 0.760953381213 0.347157647865 0.858262743728 0.78087824429 -0.267237667018 -0.0180482244022 
0.974947239698 0.242063055358 0.324486976624 -0.6884205583 1.0957904403 0.329025497382 1.25464676636 1.13525307978 -0.3827018588 -0.231637494917 
0.949692657103 0.112447610211 0.272657087893 -0.669631394655 0.848503625029 0.446474862238 0.82598930292 0.859329178586 -0.248346728695 -0.430477249696 
0.857422455271 0.106302274774 0.344390870325 -0.726728201881 0.840935781669 0.279478663816 1.01728823915 0.829737969222 -0.491456284254 -0.156778088028 
1.06228583575 0.124347515971 0.574480399766 -0.501660325793 0.836699994073 0.243143447547 0.883865726323 0.85352024642 -0.43271803211 -0.149538074029 
0.977006109579 0.0651578559436 0.166172868867 -0.614864959265 0.701235046512 0.509727259605 1.20188534823 1.02681977987 -0.18746043108 -0.15695197043 
1.09368251581 0.148524489133 0.400373901228 -0.67751310765 0.835791878372 0.471387115748 0.946592722237 0.934452539188 -0.350052488825 -0.317398996057 
0.838427210514 0.0366221803034 0.307583914527 -0.635041376714 0.725627712526 0.42295344755 0.800312752723 0.78437696965 -0.407142226976 -0.302112887624 
0.866495177345 0.163988909396 0.525946746964 -0.628336798 0.780127306138 0.232575546607 0.945046753982 0.788766905878 -0.406321341347 -0.487914991612 
0.985943920339 0.0172133585837 0.15037655468 -0.593874995907 0.8359861343 0.329470308044 0.86931824442 0.871793370503 -0.565102593619 -0.182221462965 
0.954410403433 0.298230000424 0.396200737528 -0.425754053689 0.839233239375 0.349027591146 0.991492787261 0.65762790544 -0.517805111204 -0.180357241297 
0.929318268089 0.0338240592525 0.277948693615 -0.666173291705 1.09161400898 0.288775201886 0.762031808942 0.957562296841 -0.508642435381 -0.273228026894 
0.902128694573 -0.154405735272 0.298059276024 -0.380091212906 0.904991488318 0.467414219918 0.799773576323 0.737575051384 -0.193376310239 -0.267114935118 
0.88926661032 0.224110959993 0.245507089764 -0.55578810842 0.888985905239 0.336903996646 0.897052036723 0.760868648087 -0.406291986787 -0.180629068763 
1.12257044346 0.166014822719 0.268742229684 -0.928753148238 0.848227535858 0.456238777961 1.11545932401 0.826453061178 -0.359547449099 -0.303349239722 
1.17714132534 0.297079773132 0.162090817082 -0.603967280777 0.860356640227 0.297155570281 1.01369711336 0.936934522715 -0.239934202303 -0.577717909195 
1.06571245466 0.39139171493 0.365034592466 -0.711075643168 0.855080902835 0.195149121207 1.2616193618 0.581266098754 -0.449139869333 -0.234914958082 
1.13178544217 0.363734438393 0.398227768764 -0.373420546403 0.81917446675 0.358725476241 0.931953642328 0.946102788846 -0.262522185696 -0.152385186519 
0.882997687489 0.196033328797 0.477565598074 -0.523971844336 0.899506944953 0.351022659922 0.960587067049 0.851818481101 -0.392298752941 -0.377281396427 
0.895382343588 0.0923848891463 0.316144677295 -0.517610322585 0.889530462935 0.271960913874 1.03650137172 0.805864971693 -0.437247785442 -0.545060422258 
0.989753399357 -0.205050453875 0.178982789349 -0.81800426761 0.860903924733 0.388228646259 1.17455339479 0.68953154864 -0.349635250052 -0.297006228694 
0.983272082459 0.00029895180901 0.349839604841 -0.623310898573 0.725414628558 0.243696367492 0.920350323532 0.669709414909 -0.552015328788 -0.415730219364 
1.15976570947 -0.0174063878588 0.166891343793 -0.407550068788 0.95936660097 0.430083296719 0.786646835326 0.842953227013 -0.36369744697 -0.100326226272 
1.04589473975 0.0461328600237 0.0926732375534 -0.302768873716 0.816543646856 0.202331266067 0.850672756612 0.740325098807 -0.402937331567 -0.360820576117 
0.911318870653 0.0239184664567 0.29283450113 -0.366933464951 0.658305512469 0.409130203935 0.942554244643 0.741109086854 -0.417154511707 -0.224383791291 
0.794782540081 -0.106258931438 0.373227378429 -0.484617830023 1.16696165277 0.474845267249 0.944756395188 0.804405399694 -0.368435259631 -0.21548263441 
0.888907752939 0.148183072351 0.309543764788 -0.474034645651 0.996239670533 0.43593742421 1.05035698392 0.734259703659 -0.490132923935 0.00788486936907 
1.05862547297 0.208988475547 0.491466888433 -0.430183789901 0.876017916037 0.300398739929 0.797651584964 0.714127138985 -0.175035961833 -0.233067788354 
0.915582368735 0.0719775019266 0.311724640297 -0.645956571741 0.959498372147 0.543581047935 1.00173383628 0.692772749758 -0.36209332749 -0.335749054574 
0.886388084537 0.213256266483 0.355012210416 -0.678335014786 0.805617854092 0.398316337486 0.843941105447 0.878271836637 -0.549769326249 -0.0431903363524 
0.940709070219 -0.0485364361093 0.507381537381 -0.697603082907 1.12756331149 0.3687940195 0.973536274174 0.640683542061 -0.560538205254 -0.351353196143 
1.04645004683 -0.0922017188902 0.416327629701 -0.68059059385 0.981184466837 0.496074581998 0.879397240806 0.664661228862 -0.52309030806 -0.182147757722 
0.844345831662 0.038053625989 0.471826289309 -0.616345420144 0.925475849541 0.329052252125 0.987649428936 0.817574928535 -0.217604659664 -0.314788684285 
0.974782695712 0.00615162872395 0.220711501539 -0.155938625341 0.808505623145 0.459590710767 1.05735432562 0.988412383867 -0.252020422477 -0.309436818787 
0.919671009932 0.0598705432192 0.404139741539 -0.412927883132 0.764713165006 0.585887515144 0.908800335258 0.883747822586 -0.415163851503 -0.312601448731 
0.932762296224 0.0866272807162 0.288514773134 -0.731640619358 0.696044743823 0.453124646286 1.15018546194 0.785665530611 -0.489017383369 -0.17759509529 
0.861579324101 0.101876596305 0.278270029736 -0.765740124578 0.762684048424 0.464987247602 1.09821909363 0.603847454852 -0.419420199624 -0.276325072372 
1.03190116465 -0.0189426135423 0.130080482755 -0.5883540396 0.887310079979 0.744523637756 0.837962602734 0.960017248719 -0.463034640189 -0.152268566987 
0.888521799549 -0.170210258588 0.358519722091 -0.754606974543 0.885694713935 0.488008030933 0.802503783704 0.806238928625 -0.392608017533 -0.307801021644 
0.867463195744 -0.0801136985669 0.487515529778 -0.549688867838 0.965750973083 0.390742961375 0.836844448247 0.991883494724 -0.411949391789 -0.220905387159 
0.777842700103 0.0937789311227 0.170786614659 -0.622817406488 0.83201162332 0.395141743239 0.886090274593 0.873807969472 -0.586021821624 -0.20871490642 
1.18152301221 0.26473872963 0.358424353185 -0.599097953876 0.821514506753 0.441692392726 0.815203102016 0.757237957934 -0.377584073531 -0.165662950937 
0.896670154749 0.356223541894 0.20670471605 -0.609784469183 0.844791069684 0.535673146138 0.939672298315 0.715534116853 -0.421861242078 -0.466511079052 
1.20052630185 -0.0733667316523 0.419135961172 -0.784342799264 0.979388065245 0.130275359275 0.746101097217 0.900387485682 -0.571817740546 -0.149705360805 
1.01867387947 0.162577547154 0.343466885657 -0.537898830374 0.992094214968 0.456046123416 0.624822653309 0.722232993209 -0.170561411344 -0.292910086911 
0.776547757356 0.130113362675 0.259899037806 -0.395295619377 1.04157235301 0.227212624586 1.09458501573 0.651415287135 -0.367578016675 -0.44995444015 
0.866886055167 0.0433780250269 0.489525859772 -0.669892924625 0.904358646907 0.236623051366 0.902386061556 0.788617873948 -0.349272967351 -0.0582138819723 
0.841637337518 0.117257397808 0.272879280486 -0.455999577087 0.989546848307 0.209735729998 0.877467545218 0.555783876796 -0.389328076585 -0.384315211814 
1.12623575521 0.121048236587 0.381056880782 -0.529015746421 0.713934359418 0.53571234727 0.916042787686 0.733614155918 -0.400028509401 -0.36226540566 
0.853073727474 0.182193385749 0.263578452818 -0.682139160839 0.753545252655 0.335725057656 0.929629239043 0.724662971259 -0.344417377522 -0.225953394224 
0.911660452381 -0.0554904285317 0.383253581468 -0.76534366326 0.827571832221 0.395596110735 0.809510354183 0.832417997731 -0.355998439003 -0.390815567027 
1.01212546237 0.289905141238 0.39093657874 -0.737317206025 0.709722662278 0.464289388466 0.996591492975 0.578879218161 -0.481018278651 -0.135724851226 
0.873130663876 0.061671979967 0.403193413983 -0.720677509665 1.02020107782 0.188670731052 0.96859896199 0.860973612712 -0.317906090617 -0.268813003878 
0.887359933537 0.319651828655 0.411993668198 -0.517885169055 0.889019928911 0.397400815308 0.740908500208 0.603471369205 -0.440050997904 -0.18658791688 
0.890414492455 0.162294399631 0.305850188841 -0.475133368237 0.68821588128 0.296197915183 0.873383666655 0.712034948795 -0.123030878024 -0.346963287878 
0.889970652008 0.0105092562823 0.610868006608 -0.527388306199 0.895826625934 0.622418205291 0.921895825754 0.684372001039 -0.264766908936 -0.422330798511 
0.960685027245 -0.0142511264028 0.169901392075 -0.705777063194 0.895705411661 0.317144270669 0.896816778109 0.516463295052 -0.224095507936 -0.520126091081 
0.974249744733 0.0779919053685 0.46397112396 -0.47911874784 0.840403059722 0.436930959559 0.762804761336 0.924770615109 -0.198760877084 -0.258856749771 
0.908614858902 0.0920042512114 0.337002345173 -0.762546978217 0.904086994127 0.438202040173 0.961289717779 0.786020277378 -0.559757351209 -0.068342181669 
0.772070904204 0.276670671372 0.224578864166 -0.768210265666 0.934242907139 0.383671568544 0.823150484437 0.536017580803 -0.474737629149 -0.306647679131 
0.932727623715 -0.0235296351202 0.14540379344 -0.576890603559 0.82643382653 0.525178356552 0.990428228441 0.767548116753 -0.364150890211 -0.395839019352 
0.815294376606 0.0879076956436 0.452403076449 -0.562178279117 0.928536618093 0.532621109803 0.940434311293 0.879196385 -0.366451528113 -0.310780278713 
0.847148621646 0.288716360534 0.331014188299 -0.546919333299 1.00662613566 0.308775633964 0.950474921354 0.73082632671 -0.275530111342 -0.436906792211 
0.923306056548 0.234940558447 0.497024907299 -0.60153543725 0.963325162528 0.432747590529 0.978788429191 1.0080135242 -0.43785504315 -0.117840593161 
1.00586324842 -0.0762578033983 0.383427469425 -0.485478362156 0.989390536988 0.321637229328 1.00961796906 0.698070964826 -0.438937475153 -0.10080468499 
0.797292632897 0.26568855237 0.391388044648 -0.526404321346 0.868873422591 0.311683089646 1.09407810496 0.597292219952 -0.328499993361 -0.401931015443 
0.880163307938 -0.0394760535589 0.451273195408 -0.511890426045 0.793435721049 0.27373871952 0.956950622483 0.777506244613 -0.586060027383 -0.384639509155 
0.89712102055 -0.191682735264 0.217520827101 -0.67977260728 0.829507413494 0.401442313188 1.15181031559 0.924272773187 -0.467449366427 -0.266189425446 
0.892897874053 0.20595292652 0.181835743226 -0.739760992903 1.11814282434 0.348970839354 1.05516915377 0.837895219979 -0.516079698854 -0.17092974433 
0.984296972389 0.195669102055 0.279748615178 -0.548767467835 1.03767896358 0.488694790067 1.11229381205 0.754666167394 -0.486430554457 -0.307686597634 
1.10972752372 0.258026318152 0.365934926652 -0.265293846368 0.775116843891 0.400699287068 0.801078427853 0.701779797437 -0.317728957852 -0.224135599898 
0.977589701814 0.284909807152 0.347361782466 -0.529732520342 0.919103636592 0.417678983779 1.02588391852 0.764226411895 -0.817824582397 -0.319044545186 
0.968812507226 0.00762741009897 0.267350417774 -0.721816199517 1.0044855225 0.604529831876 0.935099912774 0.646635077604 -0.355781351902 -0.332681065311 
1.06289187873 0.0906592836384 0.36763667818 -0.441238083282 0.83506492793 0.421126601405 0.949765444975 0.373156465804 -0.489770838934 -0.268091711659 
1.02471087664 0.14710501991 0.295524199765 -0.778004156168 0.987690288702 0.201444882211 0.900152671902 0.86898051499 -0.573906903421 -0.0544385278964 
0.889127560924 0.135896315591 0.263409095366 -0.711332418201 0.732456422936 0.341520635407 0.928808699332 0.941816144266 -0.172496096467 -0.0154203301542 
0.964827089076 0.114893108772 0.415144514346 -0.690092635551 1.0982956315 0.383558055104 0.754963593774 0.740742178813 -0.465521560369 -0.231007426112 
1.00960736796 0.316734138293 0.269152012542 -0.449667194881 1.15690899761 0.331283460651 0.988732950109 0.801912840002 -0.235945547589 -0.274444494567 
0.928467695187 -0.170965729852 0.429142998189 -0.457105840771 0.873239668876 0.382852800642 0.944499201535 0.676602606346 -0.412198130891 -0.256671059158 
1.0467405811 0.0898452890952 0.451677495306 -0.584115381906 0.916377931654 0.132499024523 0.891500058019 0.707215093151 -0.326773600867 -0.52366805384 
0.888593063243 0.0132259435502 0.387348035106 -0.608876556092 0.831000548292 0.293356721592 0.915095342496 0.682037853303 -0.477501227594 -0.285818821933 
0.880521559522 0.01933485139 0.671889599309 -0.456007924049 0.823958660304 0.411824750455 0.790499901535 0.811878752337 -0.439806694978 -0.169888585727 
0.877418036967 -0.0163758867299 0.251779109484 -0.510131684718 0.696278595912 0.421340810699 1.01101667572 0.761466526549 -0.513662128641 -0.467396184953 
0.832233803783 0.209638241729 0.368147597232 -0.516678363577 0.835705606302 0.379774150319 0.961738394739 0.741695252073 -0.30420926781 -0.0990321968243 
0.956854672176 0.181398225969 0.543685777122 -0.686032552988 0.548550675776 0.430396032937 0.749872193328 0.790507741945 -0.42093921909 -0.390174221015 
0.985833873263 0.239322145194 0.176501570942 -0.664837994339 0.808774889498 0.36570871121 1.00722120895 0.639661528833 -0.389774177081 -0.0969949425661 
1.04556013181 0.221056760798 0.108362977375 -0.392292448103 0.713338200752 0.428123809331 0.896527474581 0.950540752967 -0.341845127692 -0.232411880936 
0.876680825834 -0.121052512283 0.45780745901 -0.720587803253 0.672898960962 0.479494117387 1.01496249513 0.660284775858 -0.561079375083 -0.359341045117 
0.973202623842 0.246806952325 0.515596073189 -0.762127096684 0.874717627766 0.344519269836 0.943172443069 0.724483777654 -0.307465619997 -0.298725465602 
1.08343636435 0.165121943301 0.251537491306 -0.728892501606 0.873356831729 0.336921205659 0.762667515526 0.605539727006 -0.568491153434 -0.319122020071 
0.939668478739 0.104675812081 0.260772707811 -0.206827429979 0.95336390815 0.380411149286 0.605402559408 0.742274472135 -0.357655307139 -0.066711006038 
0.846955664148 0.0216722176453 0.2822623181 -0.470740102098 0.984774303078 0.287519042137 0.661112672957 0.842559390238 -0.489511049483 -0.468675184774 
1.10887636817 0.0466283307714 0.22361285452 -0.464529023811 0.886877771089 0.43187708055 0.943553476157 0.439673275552 -0.565523785957 -0.137424344689 
-0.751581238514 -0.99530640496 -0.0903957019513 0.210805556045 -1.09490383099 0.0992993795366 -0.0628844458909 -0.600600772422 0.704339458471 0.377190774655 
-0.359546111196 -1.19012182131 -0.62242335251 0.385787425959 -1.17967757989 0.394758431721 -0.791583738054 -0.396841601733 0.930022705654 -0.12534831701 
-0.819364414691 -1.05241674479 -0.586576303776 0.215123823847 -0.978131776007 0.486874393589 -0.471239051439 -0.206387416754 0.361014647688 0.0728323322188 
-0.494404990318 -0.849595067211 -0.298015238426 0.156899952928 -1.03429027452 0.315278872358 -0.00813975324968 -0.328421662249 0.385630451528 -0.0396268872847 
-1.09494570983 -0.999385245887 -0.215966702536 0.439811658639 -0.662002951358 0.432313039155 -0.576626394132 -0.133684237401 0.70357922339 0.233884814809 
-0.378989061461 -0.871215735659 -0.219046081161 0.288692900848 -0.894773463633 0.782545827311 -0.420927015086 -0.283090726408 0.317946955134 -0.0953101264868 
-0.884769228828 -0.901493484726 -0.264815232032 0.238895865542 -1.03235460474 0.114315358868 -0.305165699233 -0.313503127048 0.80460423448 -0.433318409439 
-0.628647181929 -0.911157932257 -0.192734156761 -0.253546530795 -0.923539623803 0.198402535266 -0.625064831336 -0.410659092358 0.442753551777 -0.106202190267 
-0.821413696251 -0.846132670557 -0.2946162825 -0.0647296804716 -0.693819098938 0.568761985157 -0.40340274978 -0.686708630204 0.676695128706 -0.0210378342862 
-0.661033410464 -0.623073761495 -0.368355049882 0.207848725049 -1.11181802862 0.342496795089 -0.518062095571 -0.637366078169 0.396965015927 0.0986278943227 
-0.970715697457 -0.86325331895 -0.42103563111 -0.038030680936 -0.963054172066 0.333521906214 -0.652409888036 -0.157741296649 0.349165960498 0.186707627756 
-0.668709962571 -0.62837221301 -0.36340238062 0.408536095071 -0.926560312044 0.348688378247 -0.344853833304 0.0330757116204 0.722282163248 -0.210238763995 
-0.3594712712 -0.495457905794 -0.285299251581 0.550134644113 -0.821461834958 0.825960537191 -0.0729079592339 -0.248902118764 0.585710222062 0.122772594674 
-1.02079661899 -0.925332664891 -0.432120499535 -0.000559536503023 -1.14679361438 0.284857950748 -0.542938782565 -0.375712562589 0.385160572918 -0.0745571720354 
-0.651422830227 -0.83419684785 -0.780846252735 -0.124180996066 -0.83889847457 0.263157322363 -0.605267981206 -0.419587158781 0.596166393076 -0.213589447855 
-0.703427507823 -1.09272521652 -0.346981208643 0.209187250458 -0.944383014107 0.328877872549 -0.647297686088 -0.606768361842 0.481069532214 0.180398585104 
-0.708895433445 -0.84709751692 -0.233868625792 -0.00263243944931 -0.608676777895 0.491866699118 -0.39089859311 -0.249151020811 0.605865643512 0.0864717655906 
-0.568230823703 -0.73792963956 -0.195922424017 -0.0180927902157 -0.73494295231 0.17167330265 -0.402399596226 -0.370222542307 0.495945080263 -0.155504570097 
-0.735859087089 -1.06335015127 -0.373674240923 0.249290833892 -1.11783670685 0.22600098266 -0.391047471923 -0.236195509551 0.821060006798 0.229982479887 
-0.914732605894 -0.812572041377 -0.344936986327 -0.0504437137526 -1.2706321171 0.0541155388075 -0.390946238665 -0.330773790575 0.58814954614 -0.402489445629 
-0.687297721062 -1.05511367444 -0.501719214829 -0.0337768088395 -1.03008956427 0.412134412572 -0.26283972117 -0.126320001621 0.581050340635 0.328810457615 
-0.647360762793 -0.831345545533 -0.469566184995 -0.0753726911889 -0.807732246501 0.212425314507 -0.407020107691 -0.268410851751 0.178050942291 0.0463298178541 
-0.53771933919 -0.703032220942 -0.384411678417 0.15459953191 -0.94284821495 0.266678857715 -0.373893996675 -0.255670986298 0.99547049897 -0.270539241245 
-0.861900258849 -0.871121290963 -0.193105348847 0.124685356048 -0.875569328574 -0.190924276968 -0.56823668817 0.0888339428658 0.756629271209 -0.200888579013 
-0.540476258513 -0.833560513871 -0.6992400262 0.00273048033003 -0.96927066014 0.22807344715 -0.365004931214 -0.615146633547 0.583074894404 -0.0211528181697 
-0.815410011425 -0.587381618658 -0.167117654414 0.410674738452 -0.769019458859 0.476167049208 -0.445440614958 -0.385657808738 0.766622841706 0.232776352949 
-0.641181143863 -0.762972622918 -0.358524738949 0.254046178644 -1.36320700501 0.383011782538 -0.317037832914 -0.456389976207 0.353824970185 0.339424308068 
-0.737865325806 -0.973743000876 -0.804294628237 -0.0970237244528 -1.15958763924 0.411348284202 0.120885175265 -0.36779555467 0.483813835038 0.024900463397 
-0.590592812811 -0.672473240613 -0.304799562374 0.465583578279 -1.08287109101 0.235988637618 -0.435547861154 -0.180263087767 0.72738938357 0.0826124735008 
-0.812106839109 -0.999467556292 -0.650893084659 0.00535844243133 -1.17727249631 0.244854272293 0.0808592650127 -0.408875375859 0.599243268137 0.265188956419 
-0.54522892083 -0.973522532713 -0.340022560102 0.309094136162 -1.05635625282 0.43290280854 -0.0695865963401 -0.478921510945 0.497118015869 -0.148355543115 
-0.556831598493 -0.865501624183 -0.167564982449 0.174105715161 -0.747170331114 0.376279426231 -0.331452963162 -0.879567558777 0.824779995473 0.264017265766 
-0.890029869727 -0.926110866059 -0.209776833569 0.556058298188 -0.950281774795 0.00334935914897 -0.726632585404 -0.395839977117 0.470784926949 -0.0134896497847 
-0.43886240305 -1.0391584788 -0.20447835142 0.275394225029 -1.09540363318 0.364563499985 -0.18560241861 -0.39389507928 0.760847166983 0.162386634892 
-0.878257193205 -0.831577590629 -0.688079204522 0.403088772423 -0.787923793165 0.322471110962 -0.365146201458 -0.645821607799 0.869408699474 0.00869255757149 
-0.924551419008 -0.923372591918 -0.46253626051 0.630894858965 -1.02588626938 0.246288387453 -0.22245570139 -0.334982060113 0.78459344551 -0.0765651544005 
-0.875145685126 -0.768297258572 -0.278469713053 0.404199793942 -1.24756462189 0.60150991788 -0.282193523361 -0.36348177931 0.668626197702 0.0802207177843 
-0.846760651837 -0.848534385465 -0.627406405698 -0.00425576038529 -1.21791344929 0.787534680117 -0.0806602626371 -0.385002325381 0.515900195078 0.138667232715 
-1.06261651688 -1.11760049171 -0.268804067946 0.116862584245 -1.10733728073 0.383364292313 -0.152867416443 -0.466071058381 0.935786485434 0.0277207305652 
-0.552190920076 -0.995168621344 -0.32610948437 -0.0979641323958 -0.789386451107 0.602861470642 -0.155978305877 -0.277182772582 0.864974969966 -0.168602093042 
-0.545525847334 -0.667773396744 -0.378617956132 0.127797983276 -1.07141516149 0.489044434998 -0.145266230388 -0.180080399041 0.49304688336 -0.100326703674 
-0.865953405385 -0.858402295121 -0.415775990983 0.359580669808 -0.709056243733 0.609069677686 -0.389602655269 -0.422796870711 0.560711411154 -0.0464189949848 
-0.507000592982 -0.87363322873 -0.290697663657 0.209688228683 -1.08676107845 0.177606044092 -0.446649302621 -0.367445230579 0.495745846293 -0.0944676828149 
-0.762735991316 -0.539825385098 -0.201742533386 0.344369172991 -0.793781927927 0.55725841375 -0.250206318878 -0.430125633452 0.624825004007 -0.0376259169664 
-0.932801495463 -1.10139664325 -0.546616595655 0.11227833871 -1.07208626721 0.540503107239 -0.182420285831 -0.636936981271 0.613797539737 0.095317823644 
-0.87907858521 -0.813121956808 0.246053599855 0.20846416191 -1.13935660285 0.161226580946 -0.526910477682 -0.407140497987 0.661967360448 0.0524289717157 
-0.656564347181 -0.794287543925 -0.348215755425 -0.138917900759 -1.1487306924 0.185026208722 -0.365392452552 -0.434971373571 0.453958032185 0.0892044131055 
-0.580011676377 -1.52002721937 -0.0911719168111 0.194625526071 -0.635749571689 -0.0421775671841 -0.0278488289849 -0.0214111614484 0.588576631466 -0.18090921335 
-0.785014956348 -1.03706935077 -0.127089658719 0.238253619093 -1.05360053312 0.284418454229 0.0871788095601 -0.525790139524 0.265979848855 -0.0400003491701 
-0.621160748098 -1.03819105403 -0.454244200394 0.20828226791 -1.09805346366 0.299221574729 -0.193430454294 -0.351294036256 0.55651980986 -0.234321995895 
-0.832811260685 -1.23059544259 -0.438579553137 0.436884966863 -0.994933197805 0.445781859672 -0.274202820637 -0.423285646946 0.570875542206 -0.194834093965 
-1.04715085117 -0.564277212615 -0.427760232374 0.470759313688 -0.678442868512 0.287466103469 -0.544447651631 -0.240014582944 0.583417916993 0.0660091365853 
-0.70647617699 -0.611338978721 -0.437393072814 0.00372401130594 -1.03625196065 0.148581132744 -0.0212994622031 -0.572733436542 0.4786230218 0.178228733498 
-0.623713184837 -0.786511953099 -0.445767834492 -0.0412388404865 -0.851520863398 0.510932492909 -0.454340165894 -0.181568106494 0.60229992926 -0.159994719263 
-0.64132761096 -0.818542920678 -0.571393591308 0.0137462018698 -1.41785169886 0.159227592027 -0.370317597829 -0.437031123574 0.740834202605 0.129550481793 
-0.923416620454 -0.663418666444 -0.0760190267346 0.132090774307 -0.890291881015 0.306041124825 -0.366685862877 -0.135295642793 0.766189418183 0.117903888499 
-0.471925276465 -1.20501416568 -0.0724414335118 0.307974065784 -1.02674044247 0.192556107699 -0.176405812243 -0.270130051281 0.63667095313 -0.136138382453 
-0.782934172027 -1.05964660666 -0.577163712462 0.282425167812 -0.718553782183 0.389227884847 -0.49457039268 -0.258757296629 0.794209846822 -0.592489029322 
-0.810574938486 -0.879017383794 -0.350811717054 -0.0818306837614 -0.960987274697 0.421023496828 -0.408886520626 -0.53386670405 0.613730335824 0.0119440467281 
-0.60228085984 -0.895036395148 -0.250994415102 -0.0715884479902 -0.724746061919 0.575095762959 -0.381451787021 -0.513751636341 0.401455947864 -0.308148130115 
-1.07523805507 -0.696087155822 -0.415502309119 0.478205255588 -1.16633128739 0.463649062971 -0.15221575645 -0.646791153904 0.466030768864 0.0194821921063 
-0.667487858767 -0.633540726097 -0.249151105423 0.848331095209 -1.09649882901 0.0260302095577 -0.319208330966 -0.512170347833 0.868057279899 -0.299134818377 
-0.730803052305 -0.954278267773 -0.615202853801 -0.022897563684 -0.788716792172 0.433382517333 -0.596179798526 -0.277875253287 0.510583452907 -0.258612565627 
-0.951984183784 -0.663119613863 -0.721138903518 0.156754676805 -0.96463416713 0.289804420378 -0.0978121491559 -0.430731825867 0.400456418497 0.0280198268716 
-0.738319458321 -1.07836235173 -0.618537265948 0.151197959844 -0.988918446887 0.233328993284 -0.203955633541 -0.601821100134 0.636639767595 -0.168513966662 
-0.881000149726 -0.867652037616 -0.317177390011 0.213891731821 -1.11882252858 0.606309619051 -0.152002359389 -0.525236454903 0.516825880062 0.0853923966542 
-0.860815907725 -1.03665428415 -0.46363839186 -0.00361775083474 -1.21183313785 0.281380652567 -0.348883958026 -0.11570416379 0.33141503309 -0.274135503962 
-0.838287682544 -0.802325308449 -0.3191950435 0.0278594366682 -1.20468099323 0.304630336649 -0.647397485265 -0.519210738685 0.491642324195 0.214214842212 
-0.714524522917 -0.926008411437 -0.244780184961 0.22138247947 -0.937539018162 0.45108208958 -0.0768742324298 -0.337193111658 0.953478069265 -0.0216578030215 
-0.908999868659 -0.832499676887 -0.487178177707 0.216587797421 -1.18013587282 0.0239613056385 -0.0853548761727 -0.522206437596 0.912525764207 -0.129100599226 
-0.688800149792 -0.770774664713 -0.562181461454 0.258948408786 -0.990547362278 0.128441478076 -0.291765085321 -0.512704783308 0.635435040547 -0.145329463738 
-0.59040686238 -1.06400157389 -0.393529309578 0.239343862599 -0.952487954628 0.238195125679 -0.131026946762 -0.276182184284 0.617984459544 -0.0284641632615 
-1.15283611473 -0.810261524214 -0.362859346794 -0.0885886068532 -0.847416249291 -0.0633687448442 -0.431579388431 -0.72301897129 0.845589889831 -0.211128566198 
-0.514080591313 -0.703563562808 -0.218191646636 0.289910982366 -1.12046043363 0.22848254134 -0.483196519162 -0.277815675402 0.556533828294 -0.093100684177 
-0.671583507941 -0.880222311336 -0.408619505101 0.146551142122 -0.761437739342 0.29296920766 -0.194065354355 0.129515498084 0.737337144019 0.0739487001268 
-0.52358250555 -0.621644340371 -0.422570111492 0.458305859131 -0.795079227041 0.0134644763801 -0.46010453271 -0.477285639456 0.63302783269 0.0698403234098 
-0.598546192184 -0.863990150244 -0.551545063149 0.226612496465 -0.915171568598 0.360838062716 -0.263125758845 -0.958493083424 0.700382280158 0.172823754465 
-0.533489572964 -0.857228559748 -0.354505089606 0.247575104076 -0.758337170827 0.203979398429 -0.108573295476 -0.31296121776 0.936563097768 0.385858128567 
-0.801995413179 -1.39657998033 -0.116277310728 0.172725945479 -1.23106207906 0.512791735072 -0.215878376822 -0.00988596371157 0.753753434362 0.253722036757 
-0.608834352167 -0.719561732543 -0.256574687703 0.383095114926 -0.953879003971 0.41846992721 -0.440672812542 -0.488984513543 0.648288478512 -0.0342231836945 
-0.635865892109 -1.05564289209 -0.623838883241 0.271516318764 -1.15888009261 0.517731492426 -0.383547515273 -0.629937050226 0.392277379007 -0.0289589692679 
-0.702021033226 -0.805978873253 -0.48214549545 -0.134867018307 -1.11198080001 0.489002583579 -0.0967134737661 -0.571516194872 0.705610443735 0.274569687373 
-0.525798047389 -0.832438824291 -0.462922544093 0.169852318987 -0.579367026471 0.343007658439 -0.285889556827 -0.278306424213 0.496957531031 0.232243084685 
-0.807993245435 -0.872895888225 -0.415431130302 0.270463250276 -1.26089372508 0.270928787813 -0.293761344672 -0.366581642056 0.338909525743 0.0743693279594 
-0.818196131071 -0.88013708935 -0.0702190976658 0.374499957852 -0.856472075758 0.305722027126 -0.428154472371 -0.204820246276 0.338376854646 0.0529654370182 
-1.0112393763 -1.21077350532 -0.368025690263 0.490500603132 -0.819203569482 0.171766709995 -0.161946769469 -0.459023102816 0.801895689278 -0.0534338742239 
-0.847228282949 -0.664565252199 -0.455289155631 0.0574714866225 -1.00823248599 0.281364105111 -0.516741578296 -0.282737610437 0.482734257819 -0.449544118474 
-0.773733505308 -1.3738780839 -0.589884620158 0.372267759111 -1.19786790584 0.284858426182 -0.261653392955 -0.523310029611 0.845993769966 0.196714779328 
-0.730519044629 -1.00062856561 -0.690998828476 -0.0896410238446 -0.897851668443 0.267817274689 -0.429675237353 -0.1291926414 0.370470776359 0.0468070635205 
-1.18792661178 -1.046740883 -0.439398254595 0.31187710827 -0.94374827783 0.794235375735 -0.345352791112 -0.258028617277 0.841833349794 -0.126035757642 
-0.832838739596 -0.737172924857 -0.333110271288 0.31937575057 -1.20714862089 0.288013260902 -0.253217616 -0.478339418386 0.301016471222 0.0364166394509 
-0.91471652003 -0.880173746705 -0.27431154143 -0.0216142104864 -1.09708164448 0.58672778237 0.0756270913303 -0.459968252843 0.317441643842 -0.0596800935042 
-0.511552158504 -0.91675657143 -0.133291285726 0.0745678372519 -0.615621558921 0.0264685968509 -0.154724612109 -0.368211334705 1.01364353322 0.194016724657 
-0.900316996307 -0.94963837385 -0.309801119 0.193592027623 -0.814761164104 0.464175336108 -0.551605330865 -0.149317657372 0.780220928934 -0.0126368628291 
-0.613533104597 -0.875769658679 -0.608419658865 0.452711384237 -1.13593870112 0.309463173499 -0.314472197249 -0.258464170405 0.650479543962 -0.160147651772 
-0.448779134547 -0.834179211675 -0.393127197005 0.306337865834 -1.14166574924 0.294490521803 -0.1125111306 -0.411660333212 0.920803592592 0.230853931166 
-0.297644121761 -0.979614272563 -0.413599337622 0.120452633763 -1.19696694016 0.614867522535 -0.685917952089 -0.483111450667 0.830702993968 0.211219194563 
-0.168082963702 -0.636315519434 -0.751275484388 0.0817531071705 -0.682511088145 0.323557531537 -0.521584404615 -0.390136940707 0.481579865003 0.121011565126 
-0.998521109466 -0.626906818694 -0.441447388441 0.272363933195 -1.17562097615 0.403314182777 -0.337378537111 -0.637083543257 0.756219483375 0.362032849228 
-0.854328164073 -1.11175515478 -0.282168200993 0.0861238635444 -0.886909423097 0.310720113716 -0.302828372486 -0.273101604281 0.285356019906 0.0984980295838 
