0.265150020557 1.28635567851 0.513201856816 0.472683925031 -0.104107501661 1.14120229269 -1.74060958136 -0.270398177888 0.848732774518 -0.64170665474 
-0.306478327753 0.115611998846 0.671552366803 1.29608836272 0.461158721028 0.622270110369 -0.637021965573 -0.309829941517 0.329449576883 -0.0912843972047 
0.412354117837 0.181681169079 1.53839734969 1.24209796454 -0.0490024416897 1.17524756369 -1.51170952714 -0.326842987668 0.565411449144 0.372847569046 
0.82053058409 0.295702466106 0.450050701702 1.93440816475 0.885994327358 1.07828161075 -1.12593178916 -0.0636233349648 1.55615150405 -0.0624592793757 
0.395202157489 0.90807892611 0.390427771011 0.885202126523 0.456825967342 0.900348294059 -0.416306890945 0.0874444282764 0.722317208236 0.330831789046 
-0.536481233593 0.275972898981 0.0468918788319 1.1346751542 1.02336527752 0.466074393519 -1.14425468714 -0.225353992418 0.820779060356 0.374260294272 
0.11371862908 0.708797462088 0.709550923244 1.25274280018 -0.140620336104 0.891092391476 -0.490269908119 0.0929260362106 0.852513980122 -0.911010331271 
0.246670931843 0.160018897766 0.612649768681 0.709122771942 0.394115973885 0.791414751958 -0.394597191897 -0.952588482111 0.466899592696 0.428884145833 
0.00538588423626 0.996988934485 0.959813268322 0.638673987185 -0.0755094362172 0.775686004556 -1.26453915308 0.366480546467 0.638178392241 0.915026282657 
0.233196745719 0.56156490313 0.626200753467 0.556342265984 0.562913804701 0.527951722122 -0.767758508024 0.348844023678 1.14837937074 -0.652855641342 
-0.423469899389 0.199425599118 -0.327226561278 1.11349307937 0.963580358025 1.03983764147 -1.56711614275 -0.209896182431 1.41605416847 -0.676612991971 
0.347652507909 0.943688839829 0.912417493959 1.24049191167 -0.465845256886 1.08250436979 -1.12041758386 -0.216376890902 1.10762734259 -0.294969770949 
0.0430036638415 0.391821740952 0.834980158526 0.494082140329 -0.0877941053265 1.1962669894 -1.25813257772 0.173868514214 0.810522527582 0.571868698418 
-0.0561320614494 0.676971715828 1.08189279063 0.961190117838 0.476485414373 0.248286909412 -1.03637185792 0.00221706382137 0.728488680322 -0.465726183718 
0.168491459299 -0.185177692213 0.86381153651 1.13273285017 0.375261393433 1.34936730619 -0.920110199213 -0.0669518718233 0.913705151709 -0.0998017849914 
0.525174715693 0.39522716247 1.27483601351 0.574060026668 0.908232711685 1.64687293169 -0.436449673443 0.421307022812 0.3927792832 0.782730181218 
-0.170603642978 1.03716357267 -1.01347780883 0.675559499771 0.490501896325 0.981264634765 -0.835110953184 0.212876424973 0.166827169123 -0.296742870157 
0.198501518028 -0.131157334489 0.824620574855 0.00496520435346 0.34950175386 1.25154417096 -0.722723843207 0.0036597308215 0.23763025187 -0.553336766499 
-0.143584423721 1.10662992674 0.910390976126 0.300948811235 0.788897906003 0.498348431726 -1.03746647902 0.804103973402 0.425537075904 0.512391734564 
0.354701085685 0.701169695086 0.635003590655 1.20214629541 0.461768746943 0.97517931345 -0.649538170113 -0.0910544029024 0.897977658348 0.828511311163 
-0.234389941261 -0.00234217081233 0.563233883248 0.89146633354 0.693777773906 1.25558279622 -1.51021906186 -0.151747906128 1.03583739883 -0.345877018779 
1.5423808382 1.16471582197 0.961794066443 1.08156359836 0.596737061253 1.54150977455 -0.992645850741 0.0852730301939 1.20493643334 0.0376568375127 
0.828975628394 0.957323501083 0.954126784636 0.195723259803 0.809333950618 1.37817817614 -0.770608807084 0.110796331743 1.52332546027 0.403456939036 
0.182451754871 0.949803370042 0.813077531962 0.388002669808 -0.130986146896 0.993220970161 -1.7102425887 0.430748407872 1.3063720917 1.21830056815 
-0.0461472829811 0.702145700616 0.532711910148 0.889739150888 -0.031448639026 0.602179801876 -0.883825801793 0.049483005462 0.598050021055 0.699059529879 
-0.122437405799 -0.514346926431 1.25362107824 0.337027125053 0.859355242917 0.71386358757 0.0103244328602 0.566757981544 1.0327596753 0.252681560781 
-0.330194824763 0.247448822665 0.199192715019 1.23947133869 0.663241266823 0.506037169561 -0.295304810768 -0.38071645469 0.755225117335 0.870580236702 
-0.0755596197092 1.18515321529 -0.0752922718519 1.20299251061 0.0170014394932 0.524315730532 -0.358155285326 0.210297339955 0.693311216415 0.77168066066 
0.596804711963 0.783762563791 1.33512927721 1.34936220919 0.986229772583 0.135032522942 -1.20789511087 0.486571289129 1.34107207377 0.99870801878 
0.320073937433 0.53182054153 0.937926310194 0.605732280261 0.413949585584 0.962198107761 -0.471916021481 0.102367719118 1.14326433957 0.373600049478 
0.312937777714 -0.344645738918 0.174103556426 0.737814387445 0.869419473585 0.228398285566 -0.778617623695 0.409350410666 0.657583544589 0.368606379762 
-0.0586327073723 -0.211362013102 0.824558408408 1.4560637675 0.949677353801 1.17931793156 -1.12805610951 0.100694853574 0.73082016591 0.292237553066 
-0.189582128096 1.10772669402 0.250408542198 0.237436689513 -0.0527740866966 0.676076265059 -1.36740423041 -0.821758790069 0.416866406216 -0.0691420385695 
0.775698715403 0.361813748561 0.237879899279 1.39968281415 1.12255672072 0.902970947176 -1.12513551427 0.372475316338 1.26318890978 -0.587505875736 
0.539869850125 0.181586136366 0.740636472548 0.746484382123 0.528795387953 0.934816041396 -0.295128332195 0.603990257291 0.847202831737 -0.555956789079 
-1.1962423794 0.870195491093 1.49523918986 0.520469429542 -0.602428864322 1.10933673257 -0.940975586584 0.31932520128 0.929086275 0.052977962878 
0.709577275994 0.400471662571 0.205267241928 0.483518758679 0.663794668349 0.888547441425 -0.527722004322 -0.348861141142 0.920765305975 0.175537478791 
0.585220752793 0.643566322033 1.35560195901 0.81057307181 0.484871136703 2.00194456148 -1.31188467859 0.293257052315 1.26015675788 0.999399994266 
0.32852702537 0.711561216414 0.916245166425 0.49258867597 0.771561598833 0.987872839457 -1.11130502233 -0.294846413937 1.49833728762 0.273048546842 
-0.326695876605 0.537645244582 0.708142648942 0.879641136054 0.61031568961 0.625583815464 -0.0115102758869 0.504090141142 1.12027988918 0.178404869566 
0.12853786656 -0.237734955171 0.531652952164 0.472132233414 0.459686248517 0.986163573344 -1.18038779375 0.551694393868 0.224298179362 0.409812843545 
-0.273990312277 -0.0758915598951 1.02981219875 0.465975199996 -0.0356731210185 0.955955238109 -0.72786767704 0.30060864418 1.33275021034 0.471438334289 
0.641776770112 0.563973251986 0.613928660124 1.53977417533 0.643642263491 0.881287684561 -1.34986964925 0.0850673652612 0.272549218765 0.283317701881 
0.105027641687 0.180815066616 0.940040349585 -0.144032630857 0.665143042616 1.48732522075 -0.828168693673 -0.0548073974419 1.00021552558 0.374688884178 
0.702835796452 1.01123815909 0.563164007654 1.29737669736 0.51008501927 0.896406698789 -0.573879365389 -0.910282471181 0.719091628501 0.711012212662 
0.163179371522 0.324137459419 0.358662176038 0.760139903654 0.856196311872 1.3677045024 -0.787238127225 -0.139161991321 0.752603431587 0.224249864489 
-0.392608761467 0.953564044114 -0.0423713071677 1.43389244082 0.436325422371 0.347500325595 -0.910254865418 0.1231091537 0.202890477984 0.521559721019 
0.0464030868782 0.478067942173 0.314979974732 0.514511609684 0.282976046754 0.6139529048 -1.10753657035 -0.137786188213 0.955225475601 0.642309111828 
0.536568747513 0.627055631133 0.720052340751 0.139670980927 0.338407539463 0.605408146032 -1.2198007577 -0.732384282238 1.40441743521 0.547852597683 
-0.318808344571 0.00210253617582 0.58594384037 0.764192970116 0.553581961572 0.760147661927 -1.43357062321 0.411239878051 1.67282165451 0.858229087391 
-0.0438935771765 1.45157873466 -0.555369214093 0.638623578021 -0.0115803201485 -0.0138002146796 -0.919265332463 -0.298385071769 0.0417451297526 0.487425986576 
0.0819920829965 0.482793252533 0.677604456281 0.918666614083 1.06137015496 0.875389955887 -1.30770837192 -0.474253849086 0.664355175641 0.380002356351 
0.120311895547 -0.0514073630129 0.94184485235 1.39284608838 0.0801874417538 1.71608022 -1.43772707089 -0.104987501532 0.367900753073 -0.329217819574 
-0.396072020207 1.13962918276 1.02562360194 0.546604282605 0.556951701496 1.0283081012 -0.73894588023 -0.288829737793 1.25573261682 -0.157681127468 
0.391213770311 0.633447061869 0.603141718783 1.33727395176 0.797472319329 0.850098438321 -1.43254056244 -0.702262818708 0.594830295364 0.123540484124 
-0.0593730187425 -0.0122208061789 0.343282911443 1.70169474257 1.01475996752 1.53155438871 -1.06544637144 0.664587191291 0.662460650195 0.0743825315452 
-0.0213088868486 0.901773821186 0.429617470414 0.793801891189 0.107771179678 1.26555735304 -0.752467861151 -0.237899440443 0.447421532212 0.686262005045 
1.0433003136 1.11500336103 1.19102714423 0.778698337997 -0.691274526673 0.996253239861 -1.07835870058 0.246068135898 0.880250580138 -0.00546270331858 
0.967560851022 0.568031208927 0.261263404499 1.1461091834 0.209919577853 1.10122126238 0.366993995524 -0.312797603274 0.418200268268 0.00975733912146 
0.572863126772 -0.041337557111 0.969378144171 0.757789451643 0.0966049351839 0.989952725272 -1.07352416854 -0.24910800724 0.848660960346 -0.0515619075261 
0.909803280225 0.894656351523 0.908877222796 0.417873834259 0.641745197631 0.395093837487 -0.97199961929 -0.470534903141 0.424738486282 0.512307441329 
0.763431363096 -0.701255405028 0.642986768012 0.405863354249 0.474644743549 1.21098294959 -0.508094838683 -1.0447517741 0.353927842981 0.198804053973 
0.212491467186 0.616282643979 0.10442400793 -0.0986618611817 0.410423206004 0.881780544944 0.0764352498453 -0.207616899135 1.3415807672 0.575577184098 
0.714759261767 0.432839169534 1.01395011353 1.23153941537 1.18407910028 1.98728391801 -0.709131224992 0.251344433923 0.561258313662 0.138072105169 
0.298385808818 0.230975716631 1.06960877176 0.72001151524 0.0914543879044 1.29468663097 -0.98696839882 -0.501683790568 0.917860676651 0.614006846987 
0.707703581964 0.901089780076 0.186663561039 1.10067089458 0.493976161357 1.30596533044 -1.06235145622 -0.454984509979 0.63147989263 0.39506363672 
1.0574178935 0.508125220455 0.508839768095 0.275374248796 0.758282405902 0.804720971808 -0.315997973122 0.432549343011 0.908585028002 0.485496790823 
-0.0483878384199 0.601831487192 0.778286649334 0.769313110435 1.2157178954 0.139005341285 -0.818800582655 1.11156810016 0.312472739108 0.0911154422007 
-0.918875957465 0.947616379844 1.27860543411 0.421546292823 1.12242412265 0.886249768075 -0.535113022641 0.385650015033 0.796315858662 0.374161068118 
0.298137698531 0.270288289549 -0.0883481670326 0.587217414517 0.198573040813 -0.242075199324 -1.68822933264 -0.14279914435 0.552867013146 -0.144519535392 
0.322900217387 1.027740977 0.115690679872 0.0372806662465 0.179157933459 0.254169166047 -1.25269785171 -0.737007000506 0.130000737893 0.0156521232317 
-0.448154509038 1.1495730476 0.433675802853 0.81306856882 0.249380216476 1.41815156578 -0.989968770768 -0.440931694071 0.722623155074 -0.757436088406 
0.676863480266 1.39090983885 0.610555306126 0.952720072593 0.549147829508 0.31210612844 -0.685586390276 -0.0332477513753 0.204314987893 0.250332854489 
0.075013586199 -0.700543486204 1.1245328904 1.28775963624 1.05992736349 0.78807005897 -0.605507408779 0.176342198925 0.350670452762 1.00014395786 
0.670590140712 0.0786737228243 1.79304000025 0.32882546436 0.234034765876 0.631665243123 -0.702630002529 -0.395553933942 0.58347346949 1.10760929273 
0.515609905255 1.06089308081 0.775113164021 0.919447228668 0.627920155691 0.594081510518 -0.818629191985 -0.53142969716 1.57361755798 0.0629886883206 
0.591421220703 1.39665095426 0.583467340001 0.894341107925 0.972964214681 0.397545409413 -0.595716673489 0.183398497315 1.01166557732 0.714774595789 
1.05519449481 0.989410115938 1.53275732737 1.24715121121 0.729195764626 0.281657909325 -1.14722891515 -0.354636739256 1.19557619602 0.450313349574 
-0.598838924646 0.916672710079 -0.534329559259 0.655766477656 0.169304940041 0.133326987838 -0.453275999311 0.497394887143 0.698327119724 -0.248818109056 
0.810973318199 0.484191899753 0.606936284347 1.60950596406 -0.0253409439708 0.517352401465 -0.972986285306 -0.425082920157 0.582997462709 0.648322852138 
0.777110079649 0.659370985014 1.28138802465 1.74667617041 1.08544224564 0.902277247855 -0.442885251474 -0.242774988601 0.94748538008 -0.119647492531 
0.419989136875 0.689741973986 0.609453435678 1.061155721 0.987678577583 1.36892684749 -0.575208275106 -0.768386612072 1.08118489905 0.901678304133 
-0.161488404011 0.526527514801 1.32961782986 0.286450940419 -0.0247995318006 1.32274409791 -0.481040569735 -0.353875320116 0.684306958958 -0.153792403607 
0.951909230212 0.397975150329 -0.53445370394 0.382422984515 -0.295213557176 0.392630261849 -0.445178882917 -0.710301489927 1.87569126435 0.708685376137 
0.165051419494 0.35851171677 0.362796082808 0.969459450522 0.375037020368 -0.0608664560547 -0.337767178386 0.49751205586 1.12053590323 0.093786076576 
-0.267486923248 0.859117951813 1.24064216864 0.870382417561 1.03473168657 1.12199957011 -1.44393152345 -0.053831632913 0.666202141571 0.924869961453 
0.292531704568 0.413575961973 0.666171422476 0.204560643388 0.373886384504 0.398634061188 -0.0637084011946 0.370213346553 0.964595051184 0.4659798802 
0.68432409422 -0.164148910067 0.733757679357 1.15445483365 1.44815526589 0.512367929697 -0.110389113556 -0.176902480468 -0.1189979477 0.510698121946 
0.959307328174 0.839343581686 1.21593878678 0.591807502303 0.610635573342 0.475573002042 -0.923780152457 -0.0836381407398 0.427985722423 1.1170642657 
-0.0911507637625 -0.282501805018 0.948644238902 0.615799857093 0.531956072939 0.545364097777 -0.98821433338 -1.59478564723 0.765274410929 0.618039735957 
0.37656108691 0.505703008843 0.947781131769 1.63357406007 0.457171971364 2.07241220165 -1.05033305367 0.114622080982 0.384072434567 0.999053528209 
0.774153294707 0.582292626385 0.896416437971 0.875638333843 -0.0400400993911 0.486642811161 -1.37396393597 -0.163698425503 1.4524869233 -0.775021785679 
-0.288290097844 -0.316734279047 0.338276199486 2.40799599043 0.0451048821555 0.477672540229 -1.31894858739 -0.0506400665307 0.696982691152 0.759899318656 
0.240046078634 0.461909662887 0.409691197217 1.32241201084 1.54435005879 0.139356263202 -1.09788521246 0.425713182917 0.869827841307 0.0096669574697 
0.347974813221 0.52305927304 1.10093586249 0.799488055598 0.324246671872 0.581723194463 0.0112392053201 -0.45074932453 0.689215410019 -0.591378833699 
0.53328242669 0.328218866887 0.817548262281 1.13309948214 0.861759311436 0.562899541629 -0.330283987453 -0.134844191498 0.705754087599 0.288756309956 
-0.417515109569 0.952143733148 0.942099582353 0.761873121528 0.543766900091 0.575380956129 -2.10011976279 -0.838587536827 0.819367392271 -0.00941788352175 
0.065190111029 0.519529509356 0.386292519416 1.25659787247 0.626649058305 0.765423508688 -1.6271419928 -0.366885666049 1.66393363844 0.280909034812 
-0.341882214784 1.06389569163 0.468238890666 1.21938882394 0.553745044999 1.01086881549 -0.768412988893 -0.587536198817 0.511254753226 0.10990021372 
0.656412085434 -0.0903514254883 0.659808117634 0.558236369001 0.955738104393 0.66254162648 -0.725420964392 -0.215014389804 0.276316878817 0.117524960452 
-0.807511802717 -0.184852138313 -0.518047968199 0.241360724578 0.211492252037 -1.06682904086 -0.503772221036 -0.653014842076 0.671997000017 0.620817434435 
-0.848660574122 -0.110398413255 -0.520797801603 0.197879268302 0.0830310027385 -0.812213318469 -0.625259638267 -0.56517036896 0.675158220446 0.492046959091 
-0.699334356521 0.0763569080277 -0.407272084113 0.129998060501 0.113837634222 -0.973562003825 -0.351634470449 -0.64677927273 0.830072465109 0.625742001376 
-0.805480627881 -0.0709710717894 -0.729659369909 0.220194896764 0.120507538912 -1.17590343753 -0.60984726804 -0.326974627281 0.542197317083 0.581792696426 
-0.724162484301 -0.027095711995 -0.5477778779 0.166358168752 0.0314489695331 -0.770309820149 -0.457749292463 -0.464233094806 0.672474821956 0.814857780614 
-0.784682464737 -0.0402584924479 -0.451481167008 0.211139770089 -0.0519684485695 -0.884314155157 -0.592318251208 -0.320184018922 0.961821854594 0.441947177694 
-0.723066361417 -0.0315078929321 -0.401656308954 0.116520918302 0.16833685864 -0.939504645844 -0.545381137126 -0.0427559448723 0.88106406848 0.430938320162 
-0.823037482084 0.0780216584291 -0.323780716469 0.195299731072 0.123702235375 -0.889963626121 -0.413748492006 -0.21271869909 0.853918341969 0.44592907193 
-0.845440245216 -0.175476397477 -0.349177261585 0.180429562427 0.141645325314 -0.916735733681 -0.564121058608 -0.579950993355 0.947588575387 0.41676149605 
-0.785302662824 -0.0713014267715 -0.494118034902 -0.00620561081883 0.127245262569 -0.9944181075 -0.742709804678 -0.162470750627 0.748979672666 0.463655187053 
-0.949989797048 -0.283575534745 -0.333723849669 0.00246406885516 0.120986523804 -1.21425495326 -0.636848250377 -0.617953651559 0.822875799094 0.521230445458 
-0.891683252409 0.0823493400458 -0.561825226062 -0.187293032486 0.184412525697 -0.829799456157 -0.653025107115 -0.365941817573 0.913338209661 0.761773375669 
-0.786725422318 -0.0386517934539 -0.552416382823 0.0316072646457 0.0997328197996 -0.818765060615 -0.52994277669 -0.560691691576 0.863424415839 0.531329352842 
-0.872468437099 -0.420421452538 -0.580227869587 0.132387580884 0.239165669956 -0.999228585022 -0.65568632915 -0.532119158236 0.775405690033 0.60377674344 
-0.748561010648 -0.104508173289 -0.560163593317 0.310260503141 -0.0203525146514 -0.795100167076 -0.510736599004 -0.534937282255 0.763544472808 0.484088711525 
-0.691621839301 -0.20166587249 -0.555528328244 -0.0599965936529 -0.109957547883 -0.918823255562 -0.655568635246 -0.240987754172 0.695877228979 0.428259117322 
-0.689825154067 0.0439009010723 -0.599485478234 0.260929746381 0.228011015652 -1.1213082275 -0.682827064093 -0.412451472655 1.03433989518 0.707326482958 
-0.785963730396 0.000637701383964 -0.685712316727 0.210487309143 -0.0543582697317 -1.02481578647 -0.650682395102 -0.502068059638 1.16117841609 0.415887527786 
-0.738730290331 0.0503662084185 -0.361508772569 -0.0691338024301 -0.0287197697705 -1.02745402807 -0.601133457388 -0.504824556525 0.806402539155 0.355605104669 
-0.857508778889 -0.111680899448 -0.507699295012 -0.10418106679 0.324627179406 -0.801518370482 -0.709883987893 -0.465376418419 0.768388779609 0.546126426693 
-0.680539693223 -0.0989051860719 -0.565879958884 0.00186151866134 0.106503254061 -1.14053745702 -0.593057413505 -0.509749242127 0.824224901908 0.733798717706 
-0.735805667984 0.122264840166 -0.653932819974 0.197145230894 0.0278432889037 -0.982151602318 -0.589725915307 -0.450805994206 0.653237635353 0.494911516429 
-0.746409737869 -0.139515600634 -0.69878427873 0.303867278711 0.288540650244 -1.09769571049 -0.740102985999 -0.435423496262 1.07666223938 0.578321997345 
-0.914524083223 0.101802265006 -0.389402309602 0.229566279452 0.274737312322 -0.90818044795 -0.605879534467 -0.567283069543 0.665459678246 0.55845166281 
-0.807061454246 -0.179623757608 -0.527660983126 0.045784187205 -0.0202430835869 -1.04515232005 -0.538476770985 -0.596644525977 0.926902025892 0.635420836804 
-0.855726039839 -0.0847839180016 -0.41723431263 0.0230879664184 0.273065220724 -0.898014856505 -0.438215558629 -0.402158771582 0.856195584259 0.587525090113 
-0.849466355305 0.0141669063079 -0.630635913694 0.261225524292 0.0497452132835 -0.889474288354 -0.732475816955 -0.24452172112 0.705671702061 0.602325985139 
-0.659479690457 -0.0467629252513 -0.625701292577 0.0238913807552 0.154886632847 -0.916678602247 -0.635568747132 -0.382373907126 0.888307395098 0.272111297281 
-0.909612412941 -0.0482438333625 -0.655788899454 0.265067098682 -0.0367538839966 -0.694879179912 -0.544405169699 -0.372686874523 0.972753403546 0.399100578811 
-0.866625486946 0.105209390794 -0.575019244904 0.173788601247 0.106462444847 -0.995957460074 -0.373444101533 -0.227025773463 0.697889533595 0.671303074701 
-0.809819980995 -0.145810745423 -0.374245613137 0.30351774966 0.0620657908734 -0.912283628368 -0.611104901771 -0.281605943342 0.876474975319 0.581832006955 
-0.934631883787 0.0212893379819 -0.57101450179 0.0397671911841 0.223189235169 -1.11260369722 -0.818988849635 -0.547569761508 0.857105167215 0.689676289159 
-0.807074408403 0.0863719580768 -0.517838447865 0.235020960287 0.219384406876 -0.9400331812 -0.434612493124 -0.502236409739 0.945986388338 0.5069116034 
-0.72708979927 -0.311463953109 -0.944274695731 -0.0238626097788 0.154949684681 -0.947508455696 -0.522345105354 -0.309552471007 0.788399981501 0.545920688648 
-0.896265387135 -0.0500885140802 -0.539979252241 0.201135383576 0.0423034475668 -0.969743137891 -0.540094456591 -0.230878190713 0.883882488051 0.468108841314 
-0.83444049759 -0.0699525964439 -0.768487589144 0.0542668146762 0.266562092264 -0.697033860782 -0.514177854823 -0.532097623889 0.688472744531 0.48473860655 
-0.700947753575 -0.0668094456068 -0.523372529877 0.126257461195 0.383726457445 -1.02983857742 -0.472052368014 -0.540933255716 0.885693446366 0.492988660359 
-0.775957600622 0.0671986788915 -0.485686438599 -0.138843839618 0.0946609711469 -0.9090505508 -0.294097558905 -0.651461092165 0.677895944956 0.600770265923 
-0.72024576463 -0.00874305610707 -0.36799605654 -0.0235651299496 0.150658177455 -1.02846965968 -0.629917968285 -0.449599732306 0.926208726563 0.59831025845 
-0.808851205145 0.098170389977 -0.417236220068 0.0494514569917 0.177567799919 -0.93324171565 -0.455650238188 -0.626546435132 0.983871224932 0.618308922766 
-0.818032595706 0.0287041015391 -0.523178661287 0.0518802338341 0.278309540573 -1.13055583092 -0.288401895079 -0.667151100731 1.02356394246 0.571872586744 
-0.77060256258 -0.0481181062732 -0.249353878361 0.024327350424 0.178070403107 -1.09779919105 -0.487150280454 -0.554037084662 0.702800438305 0.414113702822 
-0.572019809275 -0.0486711681349 -0.37586580209 0.134595178792 -0.0220957528976 -1.01842516219 -0.594383241703 -0.334081870624 0.786065518096 0.560816771737 
-0.856429649427 -0.186202715819 -0.250408389514 0.183504468934 0.117660137016 -0.907573576293 -0.469306816814 -0.233748476673 0.887376002818 0.507193520395 
-0.765794423337 0.0654213129455 -0.390653506597 0.000259758764073 0.0871352558307 -1.02240697553 -0.729262631316 -0.35336292249 0.84031007174 0.420282905822 
-0.819109162466 0.0151886354188 -0.608478426893 -0.219530491341 -0.215966052003 -1.01964762308 -0.541448050698 -0.345041462322 0.683723298897 0.556415914821 
-0.841646781132 -0.407627409434 -0.45611976551 0.138507338745 0.0948135873381 -1.09881914102 -0.523489267986 -0.500752850825 0.785550313612 0.743753572873 
-0.842594141111 -0.0314435172956 -0.381034718241 0.00886229703083 0.114606902463 -0.814993175442 -0.640497822745 -0.548563798646 0.945018913138 0.479708072816 
-0.920266465414 -0.110286736605 -0.449674581854 -0.225209669405 0.141126023441 -1.27596397261 -0.691485833425 -0.320523455442 0.76318694951 0.106954932777 
-0.788131819834 0.0382008734262 -0.467926298 -0.193403080004 0.264140613617 -0.927971518998 -0.658682707971 -0.278687060282 0.67478651273 0.615186251804 
-1.04081382456 0.0534205452896 -0.585278958166 0.232442493417 0.0448657977544 -1.042103208 -0.503942922575 -0.375714805494 1.08947626007 0.306658774863 
-0.707277648412 -0.166373540732 -0.684002909271 0.146319263119 0.335899918733 -1.10100517234 -0.330211985798 -0.413580644643 0.810107908965 0.520703017065 
-0.978341544045 -0.0515884255231 -0.561764791711 0.205218730343 0.215026785149 -1.1425679319 -0.411555934268 -0.342064886687 0.7697044477 0.597465255213 
-0.773604234069 -0.0615503392673 -0.481785515236 0.122012801688 0.333844149777 -1.01736896716 -0.454544715049 -0.514785970211 0.781358356795 0.630457047087 
-0.619648328959 0.0614139029516 -0.401286766608 0.131431525637 0.115644127521 -1.04762981127 -0.565398580706 -0.537969104944 0.914672885608 0.347421883302 
-0.731748065852 0.0688142815459 -0.516111724072 0.296267635818 0.106974990578 -0.791340199347 -0.71358741773 -0.404636039142 0.789074830558 0.589739707389 
-0.737258123848 0.158583769575 -0.644914808092 0.144788063721 0.0583187023366 -1.10462281605 -0.498783323169 -0.696759046886 1.10921519963 0.608456507373 
-0.699903280672 -0.0198110943206 -0.320378383836 -0.123421448078 0.253427194899 -1.22804103405 -0.540073691359 -0.382411677995 0.832122575887 0.61659298373 
-1.09243342811 0.0515975544017 -0.477734167626 0.0152487273685 0.108993824797 -0.950687807858 -0.61303858449 -0.423047398516 0.773845318639 0.716421113575 
-0.610858569119 0.0417732960698 -0.238122927801 0.280493057588 0.085969799623 -0.986392757026 -0.653123580675 -0.461966520514 0.670357236837 0.46350906675 
-0.917525268771 -0.00330367225555 -0.669814552345 -0.00746441618532 0.119450577991 -0.874865564411 -0.605426254191 -0.333769408538 0.982706047773 0.38094141342 
-0.86782731891 -0.143431290987 -0.575045945197 -0.0614955286883 -0.00669950065302 -0.949260071974 -0.567834668403 -0.445490062251 0.922949478114 0.673522708253 
-0.823319880561 -0.0108138873086 -0.496162317149 0.100594639369 0.0905176709831 -0.936104281734 -0.509034232408 -0.331105057901 0.73670333816 0.405961777299 
-0.714299067202 -0.0776352568853 -0.376461555563 -0.00249116411159 0.312922819754 -0.937889248197 -0.693653778333 -0.354260576282 0.940174723819 0.634786789484 
-1.06654377504 0.183704673532 -0.502618329016 -0.13914526071 0.139904895932 -0.88547634294 -0.496172216899 -0.584320331451 0.91658025054 0.39390125204 
-0.581814990973 -0.180409407103 -0.442067632195 0.116935878258 0.131557666276 -0.856768456304 -0.574922889463 -0.378053214668 0.811916763063 0.560112145568 
-0.731716418072 -0.272870881681 -0.538644190608 0.199354481445 0.131566705503 -1.18059017833 -0.661250207419 -0.567020862259 0.913468953291 0.635983392315 
-0.63729148294 0.157274983244 -0.338130913646 0.171957330256 0.30377897434 -0.966938823398 -0.546970159898 -0.35813359018 0.680455372655 0.4175755313 
-0.71437403188 -0.0668129967401 -0.410646325233 0.105658807017 0.204476004522 -1.19133163378 -0.689422884958 -0.374993374931 0.952781528213 0.438530460903 
-0.819817750158 -0.192340992822 -0.708916580023 0.121966298227 -0.00503385463397 -1.06370785208 -0.55816848738 -0.469664781286 0.746566791591 0.396194616322 
-0.672626562708 -0.0178828811355 -0.063182428525 0.243393828719 0.164092091398 -0.948594117451 -0.470865235791 -0.359730503691 0.981633172689 0.320290844376 
-0.376215787013 0.0677260544163 -0.456184548002 0.154814743227 0.233455693653 -0.856652945464 -0.771816539459 -0.279627375787 0.798077828399 0.394704939747 
-0.98509937962 -0.135424355919 -0.494533877761 0.229844648335 0.00614173942154 -1.24246535454 -0.575217549172 -0.427714133074 0.928899137308 0.418260851946 
-0.821361861354 -0.0789467616661 -0.469542413531 0.24123932373 0.0540644579611 -0.906184014774 -0.599836573474 -0.245507579257 0.826256463812 0.478289137687 
-0.861204367219 -0.00792688861642 -0.651621346151 -0.0440813299132 0.257788278939 -0.89109836207 -0.527387431798 -0.395832725582 0.907729347692 0.490147511697 
-0.898287866375 0.00155475896933 -0.228892440834 0.0316823169511 0.227882106213 -1.07616398299 -0.495819354954 -0.476245881059 0.806664795969 0.49084302749 
-0.823666626612 -0.0212702910855 -0.400233096672 0.19112490189 0.00965642014059 -1.04486030268 -0.591150984268 -0.288241317453 0.755690793374 0.531016514668 
-0.826281211379 0.150728221754 -0.275398833291 0.305961697643 0.120280662996 -0.962524801671 -0.654430452419 -0.600658674453 0.791606764033 0.56019791573 
-0.85318494254 -0.240401763296 -0.491452299985 0.075893879448 0.0890955150728 -0.94148445145 -0.541505940202 -0.671630668219 0.797502896321 0.609357879259 
-0.824705162906 -0.212660115631 -0.50722892813 0.145989961492 0.317312468629 -1.07443012717 -0.590758220018 -0.406305839892 0.953366753915 0.54035372632 
-0.715125221503 0.137755865819 -0.319385875959 0.22924256491 0.0636626707244 -0.790408109549 -0.51041311441 -0.45275607122 0.917169718957 0.434742998507 
-0.688200175549 -0.166883176633 -0.611217891461 0.160294909812 0.237615474769 -0.983040129708 -0.728476150575 -0.505313880273 0.777213569676 0.612773498722 
-0.68332415697 0.126112282606 -0.311725436154 0.125203227998 0.0134529975158 -0.916532272354 -0.684200619043 -0.292392311089 0.855911680062 0.652923258866 
-0.765664995642 -0.278346040641 -0.519917541411 0.186565929671 0.168493946794 -1.20641318572 -0.723283503235 -0.43997222125 0.857328301266 0.571995387582 
-0.719835560036 -0.172713791323 -0.426139956371 0.157734835572 0.466616933873 -0.931599309533 -0.630696325623 -0.416985289362 0.835037178565 0.60413318378 
-0.736918867884 0.012895011534 -0.504203330459 0.224996325762 0.0839437429328 -1.12770887846 -0.559240975831 -0.492863914777 0.624820936151 0.596865852304 
-0.772738131763 -0.109817297572 -0.481298255986 0.0830802328857 0.126486303913 -1.06998031503 -0.729247774993 -0.286348807847 0.743332919241 0.523701483885 
-0.795499341645 0.122139833341 -0.518593757659 0.153832574718 0.226064135193 -0.756935339189 -0.259147664018 -0.342979496814 0.871208374562 0.274999127422 
-0.713375932418 -0.171761752511 -0.636899447534 0.259903720246 0.103922127901 -1.01884490921 -0.737359651189 -0.667354568966 0.773332561381 0.391971236665 
-0.782795227782 -0.127374397741 -0.508454752425 -0.0137965048948 0.471024712298 -1.02379905708 -0.618470373713 -0.263928089042 0.797584871889 0.668989361743 
-0.803124660119 -0.245244211895 -0.527562489501 0.189500954972 -0.0974218666272 -1.01278345039 -0.617937840344 -0.220829074478 0.83335289804 0.414264572435 
-0.649581696725 -0.101155091819 -0.451543259285 0.125463551296 0.21024643252 -1.01248289066 -0.20198479486 -0.188198091584 0.622380528801 0.533325302967 
-0.927416279525 0.108069184683 -0.581548316444 0.207014241885 0.305512636783 -0.807554563367 -0.645527059667 -0.64359392828 0.74584036793 0.643921723278 
-0.932562378568 0.100906982296 -0.590996886405 -0.323153533287 0.122431410312 -1.216824578 -0.69728786122 -0.552450221987 0.823832468241 0.630094630642 
-0.821181234194 -0.2041813079 -0.302833792766 -0.0109505594675 0.298384899607 -1.20564682056 -0.433702966039 -0.290491204533 0.772823957 0.491680628077 
-0.407140099294 -0.0905783335017 -0.545185474382 0.194078089572 0.387651461253 -1.02291576258 -0.583378760068 -0.323877102186 1.05959766181 0.463855350907 
-0.731521392597 -0.315065614789 -0.249709006023 0.205122658342 -0.00674859838489 -1.07348409455 -0.631219013989 -0.57227379392 0.631710750616 0.425178438579 
-0.753405006437 0.00473858951001 -0.457373860598 -7.29160911846e-06 0.226203228303 -1.00214152241 -0.660669412688 -0.423439510753 0.891920344806 0.272542752978 
-0.600009590523 -0.060900700311 -0.528904199919 0.0577555997008 0.0657227327041 -0.850539243422 -0.447548472402 -0.51121199909 0.713272943394 0.557820020829 
-0.682479737162 0.0202402713727 -0.401093374546 -0.0710067417091 0.123445986057 -0.848587551174 -0.634284100302 -0.475028080135 0.887659755813 0.465781552781 
0.731316747257 -0.925436668795 0.292678548244 -0.708132701001 -1.30063473882 0.693197094384 -0.655556101919 -0.709489363856 0.945238062903 0.600331775124 
0.526031050182 -0.777548715867 0.439735271292 -0.820766417174 -1.09680497553 1.01679968741 -0.946812019817 -0.607746541445 0.818854113393 0.693368118235 
0.847900790154 -0.919781198998 0.188128831529 -0.473984296679 -1.12825503725 1.03450127286 -0.307298047008 -0.698073891983 0.87256215502 0.778267954304 
0.501199897739 -0.713295216009 0.29086845868 -1.04136791077 -1.20823236935 0.627211763591 -0.884743237152 -0.496699433937 0.925311803581 0.490960969331 
0.388061149341 -0.385255296186 0.243555243355 -0.64785824991 -0.909979592351 0.820539179125 -0.484646777369 -0.598889185255 1.27158696826 0.726348387093 
0.818073257266 -0.479640303944 0.419003227466 -0.94739434715 -1.18468987244 0.819091239101 -0.381379548976 -0.412089967746 1.05072362019 0.727464606789 
0.769213657515 -0.664067488286 0.18101056694 -0.548496979466 -0.768837259532 0.939745533297 -0.757097833136 -0.607599593528 1.04868857988 0.431502580528 
0.667516614345 -1.10206470297 0.345725041565 -1.05853176189 -0.622157897038 0.865357645786 -0.51255963726 -0.948552446551 0.762589522713 0.702216698567 
0.740078579144 -0.648074398279 0.10196776601 -0.798470023536 -0.643068207577 0.844527104437 -0.451049147746 -0.510573472954 1.16235520671 0.864782082181 
0.755043736482 -0.821420591886 0.426073844296 -0.700743152053 -0.680301220809 0.751685485126 -0.365067990252 -0.545192632311 0.808949203135 0.800704469577 
0.651759674819 -0.391007203748 0.248152190407 -0.738578847338 -1.00238139252 0.846384595339 -0.490084783049 -0.393643170189 1.09945623293 0.970321604597 
0.544028805949 -0.510053083216 0.435658708866 -0.561672618373 -0.990476756321 0.615986064817 -0.431785588287 -0.795019519137 1.26048595538 0.59458543446 
0.38288517977 -0.802734018214 0.566507644595 -0.833234860357 -0.978085848344 0.866980668812 -0.634039165906 -0.334082639093 0.803411009794 0.617326796318 
0.544704674375 -0.549664237193 0.47530775989 -0.880989135684 -0.995944541578 0.86808842487 -0.71498767108 -0.503199201564 0.956125911045 0.893526214596 
0.507579365416 -0.733432958352 0.674390666145 -0.565449416827 -0.990346219286 0.549638136779 -0.161340452149 -0.37655360953 0.916893898767 0.516414974459 
0.548648430464 -0.64859025825 0.22742541582 -0.714936205366 -1.32461017411 0.666522618779 -0.286858908241 -0.512915811253 1.17904568307 0.774047230955 
0.653990398836 -0.734760161434 0.21317338122 -0.811386037297 -0.757707762354 0.370274079088 -0.551478122658 -0.330645023552 0.740442681297 0.90450071242 
0.124119800425 -0.931386681119 0.0505984067144 -0.72281557132 -1.25996876594 0.961384968487 -0.57250436536 -0.598743564488 0.368039033173 1.06254958485 
0.688821462986 -0.469196637274 -0.232424035931 -0.806404237813 -1.21750177589 0.974406307291 -0.617710442255 -0.747131884889 0.921692911626 0.80267893986 
0.766010011677 -0.713822969631 0.282727206358 -0.56915919942 -1.01362118834 0.694816945361 -0.611063027757 -0.680938770514 1.17004461655 0.687274162622 
0.926302111881 -0.705960653193 0.649452448035 -0.599616898093 -0.735810541739 0.595631252343 -0.810625491 -0.126761435682 1.00562132653 0.702967752036 
0.694448917236 -1.00611049011 0.173391880548 -0.717077938669 -1.04853392028 0.68464534736 -0.505437951534 -0.628748429625 1.1333969484 0.782976562326 
0.538986739743 -0.571396530678 0.209968463507 -0.803988415738 -1.03759771484 0.517750055327 -0.387006214282 -0.654843593252 1.04905469029 0.682146351164 
0.767891098162 -0.195034363224 0.348808378732 -0.946100448889 -1.14941661171 0.504100370922 -0.90144895044 -0.290315494523 0.990619691901 0.784177158133 
0.759826977593 -0.795813443644 0.220301277777 -0.635888589462 -0.853064660925 1.01592443892 -0.494177881936 -0.751818560938 0.971952522043 0.675942715985 
0.753840349258 -0.975286959552 0.66800736962 -0.73501924278 -1.01361565651 1.0545447429 -0.570153049577 -0.549451680938 0.824019699283 0.683036918567 
0.579250461504 -0.858576960196 0.059481419166 -0.788244810275 -0.997087174838 1.02474279111 -0.57540332325 -0.429345466482 0.922020887056 0.962321510634 
0.733741505309 -0.912258411954 0.371833769451 -0.602162872 -0.853329374295 0.447985099755 -0.513597968073 -0.545772085177 1.35000756906 0.876198937065 
0.450435369241 -0.86666884864 -0.362616548402 -0.68044466342 -0.8471201264 0.450916126687 -0.820614791693 -0.693254333316 0.92891671322 0.753454649198 
0.565613791636 -0.699095775176 0.10758503139 -0.592413524508 -1.27205505449 0.618955469211 -0.458190415831 -0.508215671309 1.04573038973 0.805278598349 
0.659324966653 -0.513539881702 -0.00820375115669 -0.427752380494 -1.24239781382 0.725354921398 -0.399607818712 -0.465045195686 0.959571659714 0.790411008526 
0.67318777514 -0.765512328029 0.362773888366 -0.910623133522 -0.926960433581 0.873900821887 -0.578933893753 -0.00523763648939 1.52737854771 0.764171397045 
0.504661503881 -0.719672822745 0.22265452565 -0.742054011555 -0.987018456926 0.45178584467 -0.565100887758 -0.63745940587 0.979368689262 0.836816522481 
-0.00611476719568 -0.689414505944 0.35093028828 -0.990343059952 -0.825662936375 0.250809152141 -0.319651578937 -0.433368559175 0.934289716583 0.633384029358 
0.800857818533 -0.912100036943 0.148789023161 -1.20010319004 -1.28112198329 0.888151175159 -0.549013729274 -0.772666037154 1.04112006482 1.01834901531 
0.774431304318 -0.745077308113 0.345017733603 -0.630443877903 -1.07655195749 0.729215822745 -0.420999573555 -0.335429612453 0.604027919933 0.389642164234 
0.61503988615 -0.928007662609 0.34433769125 -0.395364360765 -1.00763065902 0.71684950668 -0.401641095627 -0.618926498611 0.915863118229 0.709592567353 
0.593237195314 -0.650611443011 0.409638769392 -0.598058424325 -0.727568539848 0.897216477999 -0.685935622935 -0.525025206271 0.954794312704 0.79849919668 
0.462662790185 -0.953873813333 0.210245266242 -0.635249875307 -1.14562866912 0.947571979603 -0.558140097157 -0.763277461489 1.14009287516 0.837262788451 
0.868040556551 -0.41118327314 0.318265694595 -0.852457239188 -0.765064777231 0.897966201508 -0.614470751948 -0.500495468622 1.07308021266 0.66101012599 
0.301713789422 -0.730503541522 0.323183241939 -0.608553053717 -0.87482659498 0.383389822344 -0.586100393852 -0.480159850617 1.14610618171 0.887026501655 
0.639333674422 -0.942562982022 0.760797411324 -0.412635169463 -0.981001719299 0.58247222701 -0.381362826331 -0.547601935428 1.2032827321 0.815370900107 
0.7749559537 -0.676375072876 0.0720589531736 -1.1459733765 -1.10149837875 0.545550871954 -0.306318549038 -0.44948704692 1.39368020854 0.61659225617 
0.982259661518 -0.651517553473 0.197227238724 -0.671154849972 -0.878386385368 0.56459533442 -0.71755256165 -0.655006506649 0.723575230654 1.05217823977 
0.721323898878 -1.09385181257 0.483215481722 -0.623784273571 -0.994484374586 0.668337218348 -0.779833742877 -0.578599648972 0.701535739081 0.970195227481 
0.456031987215 -0.714052195946 0.28647296092 -0.675182345254 -0.761630522682 1.04889880409 -0.354677271566 -0.387341131007 0.993961022211 0.349016074827 
0.703677253411 -0.652289642692 0.528020865192 -0.54882805754 -0.75152807419 0.784101759705 -0.897294882518 -0.429380279128 1.2920986817 0.628960950181 
0.534490481068 -0.338291802695 0.494904747355 -0.717163013109 -1.13261161062 0.608169937937 -0.297385762312 -0.73460570051 0.963407151912 0.575003888089 
0.425103413291 -0.849813033211 0.374627428112 -0.856845322298 -1.20555716939 0.901841710962 -0.579296884256 -0.267252148637 0.950307597449 0.766333371139 
0.396653222647 -0.147767015633 0.314027402747 -0.695065479636 -1.32612605364 0.727792194146 -0.541662829395 -0.879725738996 1.24804177064 0.587408846281 
0.641326809371 -0.600971780687 0.128505316842 -1.13260899696 -1.02000964852 1.02274014778 -0.652708013366 -0.556546674473 0.825249053453 0.666105266401 
0.780766292483 -0.652646554196 -0.19665886786 -0.859626543591 -1.05851220469 0.554958023655 -0.646614209453 -0.806223581163 0.699026164047 0.752286025989 
0.639168803279 -0.660610080012 0.306273122091 -0.794686850391 -1.03381008177 0.509502853749 -0.778024460672 -0.270550969384 0.78241310728 0.540281952686 
0.646622962051 -0.480692898044 0.103297445238 -0.720341054158 -0.909391519473 0.634266523354 -0.617236136554 -0.587268725167 0.884190243804 0.776203340096 
0.818207159031 -0.772685562271 0.191329157842 -0.763001115431 -0.853651088671 0.90893533446 -0.251674736408 -0.446379536643 1.05942019328 0.644461640796 
0.50970210507 -0.609291922163 0.21777228762 -0.683891421379 -1.3254928964 0.700649833118 -0.660135623476 -0.798497789903 0.679656134226 0.805969173392 
0.0519342704271 -0.630594692048 0.207660961887 -0.796087220599 -0.841918785643 0.801722185095 -0.660592493242 -0.385936528826 1.32482587261 0.692444607208 
0.106843077358 -0.667551611181 0.0696298665933 -0.666663541011 -1.15656435833 0.952324350902 -0.834995223091 -0.280792807136 0.823009436945 0.769258941359 
0.710396641371 -0.711516060765 0.329613169868 -0.785455232146 -1.07464406534 0.96306960135 -0.690953843304 -0.787202052342 0.959343937266 0.244699005041 
0.665896232624 -0.63131599428 0.0880569988972 -0.572302688583 -0.950747594747 0.323312523006 -0.471939775058 -0.579671781613 1.03882024765 0.816831196169 
0.562614465869 -0.562101305916 0.181294719594 -0.724592880436 -1.28649322105 0.809422774786 -0.577200360577 -0.626141911803 0.717201859031 0.532872251673 
0.739092913723 -0.781731416429 0.386079622255 -0.547968634068 -1.23797435981 0.669548372436 -0.463728572338 -0.693873368673 0.576110396227 0.801009804907 
0.396319556639 -0.807345789452 0.231957311789 -0.601321953098 -0.628430822464 0.836990152223 -0.390165742083 -0.156959965557 1.05925442927 0.92459366706 
0.579391658825 -1.0062218116 0.207114427825 -0.720066076145 -0.657896007046 0.939806348244 -0.912828151525 -0.434875679832 1.00410730623 1.00816238638 
0.445211240552 -0.782314854279 0.26538035991 -0.950035649196 -0.860093374913 1.00433584299 -0.600077033926 -0.34595688685 1.1607680725 1.03425821704 
0.7819589282 -0.58585014326 0.0725436186982 -0.750564011672 -1.14897946984 0.605600673162 -0.522624883496 -0.743918577907 1.16695162992 0.976974468197 
0.678677906979 -0.640537660683 0.338232052432 -0.917285778289 -1.01279976684 0.795798719114 -0.82501995598 -0.611052295646 0.856721005315 0.506098684225 
0.839468841332 -0.55075209236 0.24559992521 -0.846878953036 -1.00630094739 0.572152773572 -0.603116450463 -0.650573448555 0.985215737948 0.770872882495 
0.215872349107 -0.614455831079 0.101428927297 -0.756742463856 -1.11128052743 0.786124460074 -0.435595584086 -0.62256362009 0.681986378005 0.33922145226 
0.870353901974 -0.655989547458 0.540871907548 -0.613311095932 -0.838720950976 0.880382279908 -0.429465048712 -0.762359030148 1.12569363766 0.91859131479 
0.85406505722 -0.685755217802 0.112884013933 -0.617596858543 -1.11555223311 1.1591382816 -0.633893609161 -0.369151568807 0.874273274459 0.817375424365 
0.317559951468 -0.574751956106 0.233062007759 -0.884333882378 -1.03949841053 0.599665780592 -0.933710946262 -0.501762809929 0.99473051777 0.659216552265 
0.864526084159 -0.51594176518 0.297673529804 -0.960604633303 -1.12922366386 0.806391375505 -0.56635513135 -0.569531738244 0.971413064053 0.555943651481 
0.743770591302 -0.594367358937 0.187267185328 -0.316621560271 -0.931835297002 0.631770111378 -0.651894604446 -0.480336883161 0.813658377125 1.04002705557 
0.846577892563 -0.807796326754 -0.115574468418 -0.791194449669 -0.957144083276 0.655613840304 -0.676884078748 -0.480899750162 0.672580904813 0.742138988778 
0.329143067528 -0.689829366366 -0.199713329347 -0.77256669625 -1.16748588927 0.587191241254 -0.557196682398 -0.343886013296 0.798623995551 0.876857327338 
0.634813760012 -0.5677704886 0.238536122898 -0.577633896733 -0.875820044843 0.968926832939 -0.592817576884 -0.749488578713 0.976173220031 0.404753894966 
0.641747712417 -0.356360064337 0.553293765411 -0.887714741252 -0.817325848806 0.888820240216 -0.459186944361 -0.409276327321 0.994937530563 0.850232395639 
0.369317949672 -1.06440861264 0.317051521952 -0.750946531436 -1.20248365002 0.854501816058 -0.388906903541 -0.801231871074 0.949154716021 0.342730631261 
0.627870149924 -0.909667199325 0.384524617556 -0.53606034777 -0.874304896406 0.940963178644 -0.477100588334 -0.404678808675 1.0914862351 0.399118092507 
0.88782978741 -0.703439275432 0.654098196346 -0.800336693177 -1.16171910224 0.743235990758 -0.352802817579 -0.514376450763 0.842540893195 0.672964960007 
0.834041841226 -0.747251320425 0.0588337314295 -0.880558443701 -1.07106226749 0.705516615423 -0.800293449797 -0.650283374025 0.796396139901 0.694880289859 
0.738381087017 -0.6956665484 0.137588602183 -0.505324484395 -0.728537261571 0.82651110867 -0.266969383158 -0.376573861665 1.25424682901 0.552943647547 
0.481001121939 -0.491527740328 0.319072847768 -1.06502867651 -1.03761040594 0.689916535741 -0.720079637047 -0.514998113282 1.08420495979 0.728822918552 
0.783539951504 -0.998616810539 0.092175268616 -0.960094762778 -0.994720903604 0.669066096911 -0.621093326957 -0.545664328802 1.24324130106 0.684465778565 
0.89990154538 -0.595314905546 0.141886397815 -0.637699158611 -0.899529648114 1.08108586184 -0.71595923201 -0.451268994816 1.30229904345 0.692757268574 
0.586784427971 -0.549396649291 0.391257290028 -0.72853761889 -1.11173416193 1.10492775525 -0.973188672134 -0.632734218183 0.958511259914 0.678013593252 
0.523939322781 -0.784657250666 0.287994229643 -0.669329468718 -0.898072746647 0.811241260079 -0.588201675185 -0.469184037508 0.89705226879 0.568139272094 
0.522319599834 -0.955889685553 0.171965770925 -0.813351569369 -0.962378314087 0.778486686784 -0.444689369127 -0.678351143726 0.555965125789 0.683442684113 
0.38280214778 -0.44910379473 0.493619412202 -0.636914700139 -0.875646822774 0.877555380748 -0.578385567494 -0.711318131537 1.40159792088 0.772593415055 
0.239220349141 -0.633689278214 0.416563640704 -1.08042173451 -0.771440398245 0.9028289287 -0.902236910809 -0.568185684487 0.865755599259 0.873654634142 
0.875970871649 -0.630739811822 0.148818509266 -0.649355630514 -1.18240112549 0.605798920986 -0.768011391217 -0.487243818205 0.944823484477 0.760349726831 
0.817832514178 -0.938718691834 0.344017795009 -0.664402874626 -1.22080226864 1.007637873 -0.422251016416 -0.728832169768 0.755264927151 0.613581155044 
0.555824953353 -1.13565846592 0.0801956445931 -0.675813297004 -1.10242877681 0.873804816854 -0.781456330745 -0.447421967211 1.17129465453 0.587633695967 
0.557872867504 -0.778897135549 0.29648588653 -0.840514824157 -0.941575745546 0.800932653496 -0.728162286492 -0.619116248245 1.16441659078 0.922388849211 
0.350522016561 -0.905418791302 0.159587606871 -0.440392320852 -0.740017210628 0.776849625006 -0.591051897642 -0.634887747936 1.09157875155 0.644428448396 
0.753724633147 -0.747568986567 0.106067862643 -0.899554714949 -1.03372468813 0.734377408869 -0.565583782807 -0.335187096593 0.905428967971 0.792456416052 
0.8199571802 -0.67067844998 0.364574443521 -0.648464646427 -1.26873684642 0.845188591131 -0.43916523125 -0.453488897906 0.985537827295 0.942848016804 
0.631036515067 -0.932083697994 0.156623819285 -0.884857160009 -0.999052250194 0.528696193856 -0.683566373914 -0.463566561213 0.9819369758 1.16724984035 
0.716469868179 -0.827625144273 0.128097569191 -0.927766383702 -0.926169364317 0.841235310994 -0.500790722238 -0.418348036676 1.19961822999 0.792185769574 
0.875371175897 -0.15460898486 0.45853151103 -0.571016321654 0.760992482433 0.35159812708 1.02914387538 0.823032851919 -0.495158526368 -0.134217615394 
0.919206107842 0.0435944763338 0.223226243869 -0.555395536597 0.979916496772 0.306624389606 1.07570974325 0.872263184664 -0.190166096822 -0.362122025432 
1.11367569617 -0.0455738374826 0.594642835323 -0.5286375288 1.0102420892 0.350474021578 0.905504874915 0.670712142164 -0.184315178426 -0.119131425364 
0.864327793784 -0.0191378128608 0.419483881741 -0.450675383249 1.01212597893 0.403510181417 0.984654639331 0.746326715239 -0.41863244759 -0.157958872276 
0.895641062855 0.294570532809 0.363207685257 -0.646045879636 1.06555243959 0.424860422596 0.916766418498 0.668896598559 -0.55410794085 -0.243181118502 
0.907897578612 -0.0588128902791 0.0248739356572 -0.54814255446 0.929048818806 0.267747429442 0.753576574734 0.736862325008 -0.485400599861 -0.283511794516 
1.0172019722 -0.0713205413587 0.177932217476 -0.617341928361 1.0746899911 0.418563116219 0.821885794499 0.789647685791 -0.607082547625 -0.371638363348 
0.768181505199 0.0633367142027 0.33386670127 -0.649677398918 0.917225657679 0.355668178863 1.05182848863 0.848890825009 -0.412645379938 -0.37289552134 
1.04441302208 0.0837949254168 0.351662386008 -0.629333103281 0.789619145022 0.550271698602 1.04941228615 0.875853716972 -0.389163163089 -0.322995179738 
0.86738423789 -0.00586964194218 0.327061668681 -0.697997842628 0.878858181535 0.232424354563 1.14911746577 0.703286063774 -0.495576241723 -0.255431787349 
1.03140975671 0.102934990627 0.505051978464 -0.591446762676 0.849392758302 0.0810711809491 1.02953845878 0.717889529656 -0.503616658883 -0.257944051238 
1.09110691657 0.280593347621 0.17518461627 -0.543275976393 0.766246841523 0.421059228898 0.950640707213 0.888974293583 -0.311886194285 -0.361241640807 
0.621715601391 -0.0664517330184 0.299371212552 -0.577635499691 0.971853666024 0.0822701902417 0.845104543767 0.579765747478 -0.373346286477 -0.121276897405 
0.957655787039 0.296282426288 0.355183490278 -0.319373987669 0.780808756161 0.259881062168 1.23053217722 0.784028946831 -0.396049963733 -0.32311657515 
1.14794598122 0.0836554701898 0.40048211264 -0.734425581465 0.716784538672 0.440153283991 1.07104506858 1.03617926598 -0.229598459386 -0.445920608408 
0.860416089804 0.156177273706 0.263444963313 -0.677174572251 0.942110729642 0.405195932767 0.89856903779 0.736234014228 -0.2098048869 -0.203551085134 
0.973283618543 -0.0128947229311 0.300617245469 -0.873814588797 0.717662298877 0.210387477081 0.985465444219 0.541031729617 -0.41318811054 -0.129262021839 
1.21476870018 0.0266314926116 0.449241005514 -0.620387618851 0.914261812496 0.583247741355 1.1360659925 0.739061168722 -0.506980280081 -0.238848996679 
0.937891886663 0.328668772938 0.182934007438 -0.516079599022 1.07649998985 0.287753325562 0.717149184403 0.850235843818 -0.381236820757 -0.10121391389 
0.947830331805 0.313077433086 0.189063479145 -0.473883229215 0.79552046462 0.434396024353 0.947881301239 0.714598975107 -0.250585614566 -0.173158192389 
0.908871688039 0.153095896643 0.573235699628 -0.565825401645 1.05933473529 0.362192213753 1.14392067875 0.843509861503 -0.521147617317 -0.212880168857 
1.10423621038 0.102679880762 0.304050940661 -0.739866147309 0.871248791793 0.404965292672 0.897582259136 0.882081323821 -0.459881656786 -0.28878736124 
0.806808641769 0.507413859377 0.231234099724 -0.509138405329 0.777802038515 0.538733152692 0.899299997288 0.614324926634 -0.359416570293 -0.165281056217 
0.804884691706 -0.258327616629 0.330126425109 -0.606245117294 0.888143401371 0.377976976227 0.990981154429 0.897616877926 -0.568698862297 -0.298112222069 
0.915693282647 -0.086818007839 0.26143255199 -0.645707771964 0.868974501423 0.694083472554 1.01167274792 0.754382213027 -0.580566100598 -0.528033614595 
0.773101769272 0.122593799255 0.441804466709 -0.70516279318 1.10477085083 0.516929201064 0.933361441108 0.798139243151 -0.664251648632 -0.366050153033 
0.908580154269 0.179465947902 0.439392856536 -0.489801585112 0.832259739756 0.289100677149 0.88130324443 0.914812940693 -0.36675994434 -0.357965563807 
1.04333564786 -0.162761377286 0.383600955628 -0.765336505587 1.02142564544 0.325217146909 0.934560234121 0.834804126639 -0.153319229794 -0.419586741167 
1.04331300196 0.0531010809094 0.537163544757 -0.65605487651 0.88244882507 0.281400899284 0.856303638657 0.691154792665 -0.368378231319 -0.267837886853 
0.902172121474 0.184673134046 0.461125600903 -0.512419909699 0.847614493311 0.427842129535 0.865039445757 0.878357880482 -0.29557158184 -0.111622571552 
0.833135752745 0.188061336915 0.390189723359 -0.612643723064 1.02498619299 0.276377620334 0.81553773578 0.759505579006 -0.268161393168 -0.302178956505 
0.766682764305 0.360150734543 0.405255535514 -0.710383959775 0.676790386464 0.628223264607 1.01395635481 0.870484974266 -0.35681772425 -0.0755130014383 
0.896454498035 0.0658007730838 0.326407617384 -0.64017871746 0.965414629853 0.625565964288 1.07545109983 0.723343706593 -0.243298181949 -0.192187656003 
0.891625999158 0.152931923896 0.306459419183 -0.307774798567 0.899424838111 0.40247894085 1.00057896887 0.597977476346 -0.400860193037 -0.208350265269 
0.770101802906 0.033528941385 0.0399810864167 -0.601047267131 1.1244935875 0.550215637378 1.18037112764 0.880673301277 -0.531092079446 -0.221538626856 
0.783583993752 0.224467390426 0.453437007459 -0.459724355001 1.02032974603 0.338039135937 1.06214187103 0.827034396203 -0.441305659169 -0.377119937656 
0.804424683697 0.209751186331 0.139195761174 -0.526015411664 0.712581012987 0.322019684131 1.1278731609 0.678122178058 -0.763162638708 -0.288842394391 
0.985992100456 -0.0782499036008 0.290797799401 -0.559693005863 1.05045363671 0.41067652925 0.959109398281 0.979123321049 -0.613518847169 -0.297729269813 
1.24391899732 -0.0811485387073 0.135673447832 -0.577688262075 0.64572570418 0.332274421144 0.899413732839 0.923712560562 -0.260702743476 -0.351830792295 
0.89909575402 0.0800009437076 0.186713571799 -0.586220265789 1.02705319851 0.149952743707 1.13222817592 0.724947031365 -0.554389759225 -0.478522992418 
0.836154978119 0.232134615048 0.35316214007 -0.518240134782 0.75210013276 0.343340475923 0.781828644395 0.782809657354 -0.374196670718 -0.110748232377 
1.10912005178 -0.0230573645025 0.311100747902 -0.692421352257 0.707552846378 0.249671339951 0.844170463948 0.761395494442 -0.346697566348 -0.166880683324 
1.0705587773 -0.0108731479218 0.252841869801 -0.844485810072 0.978898257564 0.434565366965 1.12681070028 1.04615876805 -0.328052627299 -0.241330355382 
0.855192042039 0.0897926364327 0.699460352752 -0.712372834331 0.891091420767 0.282648546748 0.859286230609 0.894354090973 -0.260031717779 -0.483308179859 
0.867522966655 0.273489462478 0.297173674165 -0.454662530419 0.790893654035 0.55688740087 0.972166003233 0.70708578993 -0.272973906031 -0.357945126965 
1.00430969627 -0.0856077122054 0.372479371822 -0.651061114357 0.888251019781 0.439139465204 0.869487851223 0.640590613576 -0.520151021935 -0.44696946434 
0.912879508332 0.119875175631 0.324821090485 -0.76407255486 0.802354664529 0.478729286176 0.913271769861 1.08343258363 -0.451271679604 -0.474801373969 
1.00146744807 0.183022731678 0.37161047672 -0.700517830179 0.914006459731 0.260403138426 1.09372621053 0.924216949158 -0.436039059128 -0.132413724437 
0.912953546652 0.201533154958 0.113032699106 -0.588861257067 0.861381199356 0.297304058466 0.840033357418 0.924051865526 -0.312059416931 -0.119264532908 
0.903175154034 0.0585867142722 0.270207838694 -0.687085895107 0.876029007615 0.281358425935 1.01744443854 0.741643027346 -0.409370701004 -0.453228608302 
0.934610775301 -0.167457275696 0.519984446684 -0.615487498175 0.73499205517 0.196582249967 0.975416968933 0.836606661801 -0.413195610894 -0.131204350713 
1.01105418129 0.331543160359 0.465418736244 -0.327041609832 0.851909105822 0.403951221968 0.9915237228 1.00388185497 -0.458107872339 -0.0312643076254 
1.03571202381 -0.0619380634944 0.189592416183 -0.563691259004 0.92925759936 0.28604722335 0.944151656242 0.826589112559 -0.461508349811 -0.422676672749 
0.731800197028 -0.004343653715 0.623038549281 -0.707598727893 1.1337439754 0.41636033681 1.25842958558 0.79043635955 -0.321236620039 -0.130460966485 
0.918016283398 0.145693787015 0.487272262712 -0.448277735836 0.877031221784 0.421489110671 0.939004352993 0.877402115191 -0.433271346178 -0.0929826457923 
0.915587716237 -0.0531534203798 0.140960546548 -0.486271350102 1.01797873638 0.295083703061 1.09984898904 0.533844890951 -0.240466559121 -0.172450607039 
0.792376256085 0.0847213256872 0.341760304803 -0.578975490361 0.788642353899 0.342094511444 1.01465083142 1.03330082702 -0.29903709264 -0.396048341121 
1.04692227736 0.119641624908 0.457363944904 -0.682007003185 0.793332423801 0.566874907682 1.13551023955 0.718957309975 -0.340795333647 -0.28976308464 
1.04222322267 -0.0150108170768 0.226600652067 -0.774923453055 0.801533497326 0.325418960396 0.87666635353 0.674203348065 -0.595206028138 -0.328689429908 
0.955463225336 -0.0200381803028 0.207794233813 -0.709122746379 0.924757067141 0.449131736178 0.941640094756 0.667205651392 -0.631480601645 -0.272333059932 
0.885666376521 -0.0364228169774 0.524036497927 -0.590956405087 1.01581632049 0.2780473143 0.885658014788 0.775497434526 -0.0934129472586 -0.334297233801 
0.946557443553 0.233778382831 0.219074824173 -0.575440473122 0.901014667496 0.46554590416 0.879168670492 0.672083611203 -0.458289699298 -0.115207694496 
0.96477475462 0.153252738523 0.375282552975 -0.469452649754 0.699745254939 0.409363477133 1.13074452092 0.817440755389 -0.200374081383 -0.246529265985 
0.975635624345 0.0829516099126 0.219898689977 -0.725177167187 0.780894361741 0.416720126965 1.04780209972 0.753353505782 -0.318178708945 -0.162210852599 
0.764972454562 0.13253861753 0.501012786923 -0.618887012115 0.891211815912 0.214263573529 0.87910723136 0.92229544681 -0.404646610746 -0.341155092165 
0.963072267585 0.0509400911524 0.496683155107 -0.585922032723 0.904047557183 0.121939922439 0.937827138595 0.713251096771 -0.346936974909 -0.312676501853 
0.672848277495 0.46565069453 0.227274399043 -0.586896884573 0.748420371572 0.417866115105 0.76620010218 0.676957741961 -0.403164085615 -0.105101493043 
0.854455510336 0.237410319783 0.226358441318 -0.56232239143 0.831602822275 0.464066502645 0.970679344092 0.553170207408 -0.361446589372 -0.207248493392 
1.06364969956 0.204260904051 0.271353061998 -0.492522700122 0.643109624078 0.259502004581 0.83257700243 0.755207856387 -0.655642718254 -0.275417519333 
1.05713395931 0.0974292074113 0.220322483953 -0.608162131866 0.686367990833 0.539800302755 1.01735063617 0.766486565328 -0.338311207334 -0.0648695997425 
0.859750718552 0.011200110009 0.435719559247 -0.480042990959 0.977911384435 0.407611757835 0.993109930448 0.645304559996 -0.230484349082 -0.394861589429 
0.846999656977 -0.0831832391422 0.281394776183 -0.794574252305 1.00123526909 0.447954182326 0.735421729091 0.918215146757 -0.279511878686 -0.309870430634 
0.83063725746 0.123664674913 0.498504246356 -0.664191658163 1.06450621006 0.167449419336 0.851348046032 1.122364879 -0.311215471768 -0.142268537285 
0.931325535789 0.0757012258797 0.220101435546 -0.694727293271 0.732568006335 0.230410994206 1.14171474917 0.824497201926 -0.259265851302 -0.271434819661 
0.862787346432 0.283003645107 0.207283308047 -0.686322282331 0.705922909242 0.570383464059 0.819650739403 1.12179562915 -0.341623114241 -0.397031625596 
0.736124515733 0.0833035606818 0.339904806925 -0.564610437296 1.05950938229 0.489903846803 1.15383769516 0.693470540281 -0.547550792098 -0.21851039787 
0.727772133791 0.158044058747 0.305321384505 -0.554531205007 1.02373912892 0.369867543042 0.790811613769 0.693574432087 -0.347863563788 -0.102203717441 
1.19037283991 0.0864574473959 0.346240373877 -0.62911372121 0.781938472348 0.500692707166 1.02995197341 0.85349966098 -0.546639333934 -0.215628553177 
0.735112996867 0.130755256216 0.391416568921 -0.532083615552 0.866890224076 0.350801157942 0.992568119607 0.942367343703 -0.427461572965 -0.245711774098 
0.851648443864 0.159163113493 0.252206262654 -0.501974763408 0.962033292487 0.354234878016 0.943108284854 0.727460556854 -0.527069236985 -0.26935328644 
0.913069280718 -0.0859745909897 0.427571777582 -0.729139142425 0.905490887816 0.218893548608 1.12089120203 0.884934465543 -0.327579382933 -0.14660259453 
1.06577849193 0.172099328944 0.415623442723 -0.442589163355 0.909418476131 0.35074771635 1.0615051076 0.740330177173 -0.481361303786 -0.213271099586 
0.969619952355 0.0805254067094 0.430162018407 -0.667645942201 0.666877690363 0.361812876942 1.15757696529 0.981646005088 -0.290013792872 -0.0881385144732 
1.00132469553 0.308493259962 0.355154384012 -0.411738458192 0.736380028521 0.405780359746 0.907376431966 0.848412564319 -0.601014162995 -0.450645704961 
0.85244213507 0.283881153472 0.492130797981 -0.818269074275 0.955375020034 0.34490719264 1.1644368252 0.687625321872 -0.72499281765 -0.261681116944 
0.972659111477 0.00687198819776 0.300890388288 -0.45540653496 0.723580933271 0.382732958869 0.939799976681 0.797900165293 -0.20822187381 -0.474152146302 
0.978994696024 0.0125516382438 0.390988391014 -0.497787790724 0.986203746665 0.280681772642 1.01048302199 0.802353574776 -0.338803599202 -0.340707869731 
0.942144274619 0.15064487968 0.423144034597 -0.594141283318 1.01572411381 0.632068871055 1.06606274883 0.58137983837 -0.498742117229 -0.224501136734 
0.687536054677 -0.0808397732497 0.410633495295 -0.499582731861 1.15470511603 0.397714748821 0.940798909649 0.923124641884 -0.460757179388 -0.411728872163 
0.880490272988 0.0882542096719 0.328545981391 -0.386571508521 0.80098391644 0.373460711241 1.05439600275 0.904306266831 -0.34136793618 -0.059850522104 
0.947135427034 0.069810465006 0.477044686583 -0.554182885844 0.963069424758 0.471462639539 1.04683940812 0.704471416829 -0.574915699076 -0.377866929047 
0.829848342456 0.153444790873 0.433944492091 -0.659731678322 0.990847785275 0.474636801736 1.09645903458 1.03192360505 -0.263835044704 -0.360403562728 
0.756967960769 -0.0961415226782 0.350001386916 -0.485864078661 1.05622273355 0.497485959787 0.748601094586 0.946862195995 -0.409683705245 -0.0698180917398 
0.860218450667 -0.0372431129675 0.323106992829 -0.523230508161 0.798497857531 0.419187129825 1.06651677113 0.901668038208 -0.376970146907 -0.523703477814 
0.792497058477 0.113769024514 0.361960882181 -0.765206063646 0.910031949097 0.253330265729 0.737859372767 0.679326957761 -0.492400896957 -0.508640835984 
0.851598977979 0.218601018212 0.124360315317 -0.339715055016 0.953591535746 0.365494861565 0.834174326569 0.939937579064 -0.319487358678 -0.200840221465 
0.756122052307 0.109858415628 0.340950727089 -0.53543783341 0.743422349622 0.378729257788 0.88091156404 0.657456331183 -0.516224107797 -0.168955261052 
1.07796931978 -0.050716104265 0.302310097437 -0.73296204956 0.997742571647 0.380714170247 0.963383667583 0.960853687433 -0.352980215939 -0.450297239212 
1.15593979908 0.270372762595 0.340380463857 -0.638917469283 1.04887796083 0.0219117163265 1.04735241318 0.931547785748 -0.389159554956 -0.323623100508 
0.986206467254 0.0799309698531 0.280397172732 -0.755582202219 0.997684850891 0.561418305761 0.849142602101 0.708819109653 -0.554897284096 -0.274279352502 
-0.764334123924 -0.739454199539 -0.572384132789 0.130951389059 -0.927016873666 0.227984350619 -0.160949822038 -0.545644616943 0.766284746441 -0.00538777782428 
-0.364931416315 -0.796187983742 -0.514686952841 0.316451402135 -0.960491282327 0.476667905162 -0.294064085409 -0.560838998231 0.393916100737 0.168428069814 
-0.63841756736 -0.991981434767 -0.273056712096 0.252964250508 -0.982357462721 0.0746612970675 -0.258649012153 -0.549982801773 0.743350891663 -0.244819775557 
-0.337676269839 -0.759863021125 -0.188904042582 -0.0729889045047 -1.18541095907 0.401234752367 -0.175292839151 -0.480392122645 0.773940050466 0.275195822806 
-0.667999497697 -0.805353767521 -0.504843011138 0.203411330486 -0.966025346038 0.142519135032 -0.29827039383 -0.273190803027 0.550672234395 -0.0897636860409 
-0.801135835452 -0.964608788158 -0.642808925757 0.314684911705 -0.755794728975 0.451117365222 -0.698575019022 -0.525257687464 0.728785080222 -0.066107909276 
-0.831070425541 -1.22633514136 -0.639745658807 0.0388671300295 -0.975048364587 0.554757766683 -0.375058229318 -0.0659857947798 0.317355803341 0.164486107211 
-0.60726416552 -1.09920005011 -0.617155503559 0.251120821196 -1.0797056551 0.287934164593 -0.546809236795 -0.851596883752 0.467586664655 0.168577244294 
-1.02136340034 -0.967755312751 -0.488723044347 0.16944200462 -1.07401769741 0.351056418449 -0.28713262939 -0.0985475994152 0.988622826187 0.126643282309 
-1.10278268767 -1.09482342325 -0.347189945026 0.430598169708 -1.06958810332 0.146678416194 0.0969543281786 -0.594413164686 0.725975287929 -0.158675584367 
-0.75515105073 -0.806447370008 -0.342443513458 0.3675489604 -0.677554280389 0.434843223048 -0.301185195707 -0.703457369732 0.362819895954 0.352167034452 
-0.706170267413 -0.935068681332 -0.543922552374 0.434760707161 -1.15595592855 0.415171762477 0.0480254775703 -0.530820010512 0.568460816437 -0.0219726845645 
-0.775360352141 -1.02627360111 -0.206952321227 0.387272542625 -0.939399887176 0.247624935567 -0.571061357019 -0.682194496297 0.548541433268 -0.0268423012393 
-0.677380227968 -0.589248040039 -0.638369519938 0.0979719290305 -1.16197556227 0.168279593467 -0.56803102878 -0.543099726817 0.395273180999 -0.130711733152 
-0.789076553702 -0.872215348131 -0.300986254663 0.430906033955 -0.686934753682 0.573634764934 -0.17761891972 -0.336024181126 0.514612121943 0.0655061221546 
-0.63058481648 -1.09955281674 -0.272824413737 -0.0580187548336 -0.769864142851 0.347358853165 -0.525891047314 -0.092730897867 0.493797069918 -0.102832226282 
-0.794577445694 -1.00728166947 -0.45347537081 0.110822425901 -1.0675271584 0.186577533945 -0.268962214921 -0.235523157934 0.333004914518 0.104175880085 
-0.982809428687 -1.0301316706 -0.195678256776 0.14161239071 -0.794059539806 0.496277595299 -0.341427042478 -0.271742974984 0.515882014805 -0.0388458375381 
-0.554673461768 -1.07607410536 -0.545094866944 -0.00532792270144 -1.27254880287 0.373798536956 -0.318271477238 -0.360156390491 0.439082723077 -0.188333079737 
-0.401344129949 -1.2832600199 -0.603613903915 -0.0276020046401 -1.08111884657 0.400260895914 -0.365297759447 -0.382957068552 0.963376384207 0.0189783636266 
-0.686002288643 -1.19334140487 -0.440506956067 0.205432924828 -0.802360103689 0.771843867164 -0.478008587332 -0.389759186222 0.381144290637 0.148962341817 
-0.890023148838 -0.685942213356 -0.26079303553 0.0419618060681 -0.861038153512 0.402635593325 -0.533055735597 -0.119373522929 0.689174516125 0.155624493909 
-0.966980806432 -1.02560916691 -0.156483949015 0.467536204933 -0.884001079866 0.570080778588 0.0496595718028 -0.257870234291 0.809587336667 0.200432030577 
-0.566617657457 -0.687509175627 -0.463131383107 0.342251357849 -0.957976900576 0.410084033686 -0.362184621817 0.0955164076381 0.482098097316 0.0605155990459 
-0.713778186775 -0.842613929216 -0.238531551095 0.132328945526 -0.662955301908 0.340526078326 -0.374984752574 -0.394941115077 0.57509344564 -0.111428238125 
-0.62731659534 -0.692122029711 -0.548817323543 0.221059024389 -0.793163136974 0.528515231428 -0.440821472313 -0.418676442619 0.860822633087 -0.208771474477 
-0.527076409321 -0.787488793614 -0.125320967509 0.468616947522 -0.923273244737 0.615181542643 -0.153946151341 -0.281068924654 0.70802026514 -0.138680917199 
-0.629387138104 -0.603507785401 -0.593632324409 0.0142924208596 -0.95450563312 0.107313098281 -0.220614038823 -0.2727203104 0.786904965167 0.0126935740149 
-0.585654919727 -0.681126566849 -0.617778227174 0.321075506977 -1.08849076906 0.274599554241 -0.431257234111 -0.442290085362 1.12616256888 0.101418074764 
-1.02188187716 -0.716592066511 -0.507878226571 0.524802157931 -0.918711776312 0.550843760691 -0.154611259287 -0.432539452399 0.694232214599 -0.0322137734444 
-0.796096458484 -0.827362770957 -0.258816244778 0.164455287865 -1.00142512373 0.475713643295 -0.360390224356 -0.527082004643 0.457851727256 -0.413552373007 
-0.790535026022 -0.953919607879 -0.358103887674 0.289603896003 -0.669442724298 0.307811072636 -0.448584740214 -0.257677414243 0.580093325628 0.193138881645 
-0.5117562582 -0.725044010694 -0.101246254561 0.224638950159 -1.09715360247 0.231591671098 -0.293642390963 -0.2680101063 0.825456152106 -0.162416148642 
-0.555766357075 -1.22354416835 -0.331442538503 0.248437659969 -0.978693958036 0.183627083385 -0.223007198142 -0.230461368754 0.653565904889 0.0232206100347 
-0.367367230159 -0.655540944044 -0.490255020834 0.57338874684 -1.30770798092 0.242192292474 -0.616673636728 -0.562622684601 0.489432396113 0.199679861227 
-0.752491359615 -0.383415459414 -0.220376502002 0.0341122815376 -1.38709335553 0.733000877428 -0.384557591587 -0.0987382535088 0.434021110147 0.117286383557 
-0.848913884695 -0.711928077001 -0.471164771084 -0.0940590685801 -0.883331640194 0.317180863619 -0.398550912259 -0.534603716502 0.786135331607 -0.00204950596271 
-0.919429652985 -0.62638195112 -0.685468125275 -0.0161097639659 -1.17493709224 0.377155389757 -0.258157837477 -0.365860011749 0.643919208958 0.027130449833 
-0.805119506959 -0.783765900984 -0.668184431542 0.0392676274902 -0.938102268266 0.381886480459 -0.112680479773 -0.289667470854 0.928283928359 0.137052072226 
-0.363672107594 -0.926932690923 -0.516915150295 0.479455214536 -0.826541338538 0.448540502481 -0.0127972935417 -0.583888811125 0.823087397759 -0.138361062393 
-0.821009145739 -0.832103201753 -0.349048731078 0.489122633806 -1.42474061834 0.381036921928 -0.442009592597 -0.571625765973 1.12062356244 -0.203287860261 
-0.702348509359 -1.18205399498 -0.386113764957 0.315738320692 -0.515393687189 0.444374816271 -0.117684113244 -0.27394660194 0.508827603274 -0.0506576837039 
-0.521139639023 -0.770053819074 -0.339887165725 -0.058591744811 -1.07096876501 0.43214043865 -0.331301112588 -0.181232640685 0.610386017047 0.0792201119527 
-0.864797301634 -0.61418845149 -0.490941849091 0.0115700343821 -0.872563498593 0.0014936113881 -0.527505320358 -0.380253872054 0.713368532135 -0.0920302484417 
-0.709320414236 -0.812453368348 -0.489602474633 0.150068024757 -0.996190974368 0.309870727509 -0.214127855439 -0.129636308864 0.451654829946 0.0786560955071 
-0.519894618657 -0.776289733293 -0.377590497806 0.26197898214 -0.927060957076 0.448474515773 -0.826199288002 -0.55869418212 0.271034542571 -0.121489205701 
-0.56374769576 -0.937540191353 -0.262189889129 0.17847444512 -1.14750143192 0.368953009283 -0.502412830647 -0.223634934673 0.592946799093 -0.00235117206796 
-0.770587905066 -0.540320586733 -0.00913310259828 -0.0598067883583 -1.11908224103 0.177611606507 -0.639048477259 -0.542792802653 0.936614608931 -0.159966194925 
-0.742352175351 -0.821859365803 -0.409493521751 0.240096620014 -0.873774898808 0.730408035791 -0.576064109885 -0.421082123507 0.407432798726 -0.141117398949 
-0.689569688266 -0.673525839941 -0.68123257265 0.508789051879 -1.38039192209 0.415383761121 -0.467640405144 -0.386816385593 0.0940658673837 -0.0687734006753 
-0.94392654678 -0.872479371904 -0.520243146491 -0.0508433327749 -0.890824679482 0.246114416986 -0.485068622517 -0.280989717505 0.432127073938 0.138587716358 
-0.720683791342 -0.828715281921 -0.246265865285 0.08334411653 -0.800434427413 0.435014205936 -0.418416851381 -0.431596547274 0.448737471339 0.0980477428608 
-0.699632698306 -0.930982094782 -0.361793736212 0.0769386755989 -0.980289750656 0.339243375044 -0.640167937659 -0.509944286706 0.69788509798 0.00292719201206 
-0.641593725373 -0.833081109511 -0.283768019024 -0.0198587574651 -1.26372884197 0.308666200921 -0.232332403392 -0.1781938231 0.842359924707 0.232722606289 
-0.691914490091 -0.769381168141 -0.561332326061 0.164734259088 -0.934794643476 0.203990877468 -0.390465834603 -0.362032054493 0.326396184554 -0.282236551166 
-0.769641834101 -0.730713814103 -0.304025325818 -0.0205127573234 -1.13615145876 0.386143850289 -0.181394627495 -0.62025403788 0.788420758598 0.184460115359 
-0.406542199151 -0.984751858027 -0.266007406545 0.135914134369 -0.823116104718 0.152873412384 -0.26554103704 0.0605963476086 0.661291881975 -0.0480278182933 
-0.736303849382 -0.984534100042 -0.50114794664 0.484774546757 -1.24155116059 0.472625261273 -0.204422604709 -0.455026487609 0.612570459937 -0.216857264107 
-0.455496274112 -0.794410236083 -0.303238829854 0.302252105007 -1.4117224231 0.230575468623 -0.146800123994 -0.287563121676 1.06639331009 -0.231271228953 
-0.728777523385 -0.993808397771 -0.153976105445 0.413490913758 -1.12595204524 0.679511795884 -0.148416473524 -0.351764827822 0.994167011023 -0.0486587092301 
-0.761768061371 -0.731311527059 -0.221353260955 0.0065106753682 -0.93059586982 0.533628499322 -0.0905366394312 -0.0540864516146 0.56160262337 -0.099867830024 
-0.669297477465 -0.533629617585 -0.572074128084 0.11005476049 -1.26239757201 0.809036064392 -0.888179317002 -0.341636309465 0.644889835723 -0.073375822235 
-0.512328766227 -0.628420027902 -0.204143774266 -0.096286577573 -1.07163354075 0.391152838146 -0.538841661398 -0.449413206168 0.602631656093 -0.195860285927 
-0.477741757677 -1.09266545813 -0.173028299685 0.0550066676623 -1.01242128607 0.479407326773 -0.0880408474623 -0.273024399441 0.908364882251 0.155092008641 
-0.503955331153 -0.775610715376 -0.404413163635 0.251588018234 -0.931591715127 0.404535815726 -0.688979282442 -0.599443335387 0.614743870317 0.149098121409 
-0.638566892175 -0.647336030472 -0.12711626392 -0.137717922861 -1.23566527772 0.412890669915 -0.138932316382 -0.195903454098 0.493205023386 0.142622635621 
-0.379080725846 -0.920218845701 -0.48815281607 0.285118182574 -0.959088787618 0.114356732973 -0.216645073883 -0.150145471406 0.76162345832 -0.238150890891 
-0.609181256875 -1.01194426443 -0.518121101401 -0.109577321294 -1.2184762915 0.615003319739 -0.306057315571 -0.42721644768 0.729503435422 0.191309372719 
-0.880504855586 -0.8300781695 -0.663199968787 -0.0364832257231 -1.19069195734 0.455127909837 -0.471717919752 -0.537244478606 0.6724696561 0.186335667764 
-0.765150539533 -0.727676920144 -0.292310811119 0.384627767366 -1.05271549259 0.0168706454292 -0.18131165151 -0.587628089599 0.672236871604 -0.203760437478 
-0.599071046662 -0.438626324397 -0.365889814201 0.236361320802 -1.06798559242 0.235283566398 -0.25482018143 -0.451189629532 0.780147959587 0.161147663211 
-0.385059754533 -1.19500793781 -0.160909724167 0.164851719747 -1.18624324242 0.615087468625 -0.397142693528 -0.581916550691 0.566789175785 -0.0576008258713 
-0.715599885237 -1.16229111135 -0.318723831512 0.310909284719 -0.803759325991 0.441233568923 -0.379561439724 -0.386979867731 1.0343098387 -0.00916224913156 
-0.849880620911 -1.09766123803 -0.0633330806435 0.404567107583 -1.00859987194 0.278474974399 -0.481429486733 -0.475894971169 0.604471819996 -0.317708487625 
-0.983379129939 -1.07844191786 -0.541763594745 0.687295871765 -1.02814893841 0.517847620474 -0.204033347415 -0.300411749057 0.852972032449 0.0726617394893 
-0.572555851822 -1.1344829188 -0.297701526514 0.137119160546 -1.22163636489 0.377851894216 -0.186193528395 -0.721459412576 0.966536412063 0.0755288665325 
-0.90778806959 -0.978259816137 -0.621226993439 0.303151993149 -0.907314669648 0.485096031747 -0.276792041145 -0.386668154466 0.431471409017 0.10805106618 
-0.955535710538 -1.14674764576 -0.15706586696 0.314016463572 -1.2273685921 0.26817969674 -0.547444667164 -0.346939458618 -0.00284738857175 0.0642529817573 
-0.966593548439 -1.20713217085 -0.202601075731 0.224357405227 -1.22551084514 0.553343809069 -0.187917009227 -0.324944310485 0.562917581711 0.328037516255 
-0.701081353812 -0.833658585871 -0.476814614431 0.20143017342 -1.54342822787 0.31364481523 -0.244144021935 -0.284828975705 0.523398168763 0.0378258074583 
-0.776620802684 -0.955700028542 -0.332955453432 0.264993802236 -0.937082223597 0.292056815692 -0.604964083095 -0.462082988106 0.423737976402 0.12854358808 
-0.692453289327 -0.442375360018 -0.237074485492 0.587234881279 -0.898668045519 0.328417980899 -0.314480747618 -0.274139798951 0.522094434855 0.123106914934 
-0.46571215519 -0.66942516701 -0.30183103748 -0.0430222230494 -0.891676560496 0.369544782563 -0.0166615910765 -0.729604200954 0.648618835111 -0.384181756321 
-0.848502184794 -0.959899001711 -0.450129239053 0.125701535414 -1.04734522944 0.600871941683 -0.605682257886 -0.520594501429 0.657854518858 0.0132543454018 
-0.699780070851 -1.06729541604 -0.73003552207 0.42676737505 -1.12294915744 -0.024629413712 -0.208589260061 -0.449049002509 0.689385885488 0.00662089782679 
-0.97808930889 -0.907177031095 -0.792312195269 0.099238147807 -1.1308196337 0.274236460652 -0.180221403822 -0.597959252776 0.606305044435 -0.0125312722046 
-0.568795445872 -0.544909309509 -0.423878242017 0.318211330873 -1.06111840634 0.309484659309 -0.415912101806 -0.485980172223 0.566471742958 -0.248018984372 
-0.690346558583 -0.71089948095 -0.295317455134 0.366198415062 -1.13575591777 0.241742573499 0.0656985812859 -0.192484112849 0.561472756969 -0.160271237351 
-0.71050277303 -1.01865331348 -0.526244033868 0.253807617206 -1.17049333847 0.53992471835 -0.17813461111 -0.604681829185 0.736921065705 -0.00211572633155 
-0.683630711698 -0.8975800222 -0.478304765509 0.323875605783 -1.21458363845 0.252239886817 -0.174692051317 -0.0825447701046 0.678790380716 0.0430047235104 
-1.21179551683 -0.788276690212 -0.068715092135 0.404493207316 -1.31959758507 0.228019010902 -0.269805695142 -0.565483357291 0.85212680962 -0.0896048200897 
-0.772007110154 -0.944706771319 -0.933141625675 0.395519557792 -1.20221710884 0.28154247877 -0.242313141597 -0.61990314837 0.69424231393 0.0404960645446 
-0.815243879543 -0.983578758103 -0.299977050865 0.0859121873689 -0.960734120838 0.217779286271 -0.341911189637 -0.442193750653 0.646596271302 0.258385829437 
-0.98415882209 -0.708362741409 -0.274069629987 0.237785856133 -1.16447284155 0.0945445798753 -0.526562343314 -0.321451170552 0.627815865219 -0.0426377138792 
-0.918080688864 -0.962164290094 -0.209478381634 0.235086071866 -1.07923835002 0.657601430423 -0.265475107222 -0.599405830312 0.441601689944 0.158644772121 
-0.671909114133 -0.841902624524 -0.246542631861 0.549115413826 -0.723244546118 0.382291274515 -0.100211677026 -0.629102568835 0.74841200548 -0.019182497298 
-0.771967260994 -1.14474323334 -0.476815508826 0.127809825067 -0.835971674372 0.713978203831 -0.209433527328 -0.764628401654 0.764786491343 -0.0902527331984 
-0.788051082846 -0.796156994279 -0.63181627774 -0.034389899016 -0.790175186892 0.536825604892 -0.251512923301 -0.101170286632 0.592850272086 -0.226883793568 
-1.29968336369 -0.921423071818 -0.602465307765 0.0868082236412 -0.88419773951 0.535854474338 -0.39852033547 -0.229615292603 0.881038460035 0.179464848836 
-0.584197594387 -1.30382986538 -0.400780183388 0.0141516911206 -0.933912462932 0.405196376961 -0.31165671918 -0.876587754566 0.552250799084 0.210262652364 
